0.	2.5354457071730105	2.535445707173011	2.535445707173011	2.535445707173011	2.535445707173011
0.0003	2.5354457071730105	2.5307394465452586	2.5307496426722573	2.530749631382521	2.5307496313783076
0.0006	2.5354457071730105	2.5260331859175063	2.526073970425501	2.5260738801076115	2.526073880040195
0.0009	2.5354457071730105	2.5213269252897543	2.5214186904327422	2.521418385609865	2.521418385268571
0.0012	2.5354457071730105	2.5166206646620015	2.51678380269398	2.516783080150864	2.5167830790722063
0.0014999999999999998	2.5354457071730105	2.5119144040342496	2.5121693072092164	2.5121678959921923	2.512167893358751
0.0018	2.5354457071730105	2.5072081434064977	2.50757520397845	2.507572765395432	2.507572759934728
0.0021	2.5354457071730105	2.502501882778745	2.5030014930016797	2.5029976206221654	2.5029976105055374
0.0024	2.5354457071730105	2.497795622150993	2.4984481742789075	2.498442393933977	2.498442376675456
0.0026999999999999997	2.5354457071730105	2.49308936152324	2.4939152478101327	2.4939070175924476	2.493906989947634
0.0029999999999999996	2.5354457071730105	2.488383100895488	2.4894027135953554	2.4893914238591615	2.4893913817241007
0.0032999999999999995	2.5354457071730105	2.4836768402677363	2.4849105716345754	2.4848955449957018	2.4848954833057593
0.0036	2.5354457071730105	2.4789705796399835	2.480438821927792	2.480419313263649	2.480419225892387
0.0039	2.5354457071730105	2.4742643190122315	2.475987464475007	2.4759626609245893	2.475962540582642
0.0042	2.5354457071730105	2.4695580583844787	2.4715564992762182	2.471525520240103	2.4715253583740537
0.0045	2.5354457071730105	2.464851797756727	2.467145926331428	2.4671078234717743	2.467107610163029
0.0048	2.5354457071730105	2.460145537128975	2.462755745640635	2.4627095028811854	2.462709226744851
0.0050999999999999995	2.5354457071730105	2.455439276501222	2.4583859572038382	2.4583304907299186	2.4583301388136776
0.005399999999999999	2.5354457071730105	2.45073301587347	2.45403656102104	2.453970719279558	2.453970276962544
0.005699999999999999	2.5354457071730105	2.4460267552457173	2.449707557092238	2.449630120791685	2.4496295716833596
0.005999999999999999	2.5354457071730105	2.4413204946179654	2.445398945417434	2.4453086275278846	2.445307953366912
0.006299999999999999	2.5354457071730105	2.4366142339902135	2.4411107259966283	2.4410061717497378	2.441005352302862
0.006599999999999999	2.5354457071730105	2.4319079733624607	2.436842898829818	2.436722685718827	2.4367216986797473
0.006899999999999999	2.5354457071730105	2.4272017127347087	2.432595463917006	2.4324581016967373	2.4324569225849832
0.0072	2.5354457071730105	2.422495452106956	2.428368421258191	2.428212351945049	2.428210954004857
0.0075	2.5354457071730105	2.417789191479204	2.424161770853374	2.423985368725347	2.4239837228245356
0.0078	2.5354457071730105	2.413082930851452	2.419975512702554	2.4197770842992132	2.4197751588280605
0.0081	2.5354457071730105	2.4083766702236993	2.415809646805731	2.41558743092823	2.415585191698347
0.0084	2.5354457071730105	2.4036704095959474	2.4116641731629063	2.4114163408739815	2.4114137510171902
0.0087	2.5354457071730105	2.3989641489681945	2.407539091774078	2.407263746398049	2.4072607662652574
0.009	2.5354457071730105	2.3942578883404426	2.403434402639248	2.403129579762017	2.4031261668220947
0.0093	2.5354457071730105	2.3895516277126907	2.3993501057584146	2.399013773227467	2.3990098819661214
0.0096	2.5354457071730105	2.3848453670849388	2.395286201131579	2.3949162590559827	2.3949118408746344
0.009899999999999999	2.5354457071730105	2.3801391064571855	2.3912426887587395	2.390836969509145	2.390831972623805
0.010199999999999999	2.5354457071730105	2.375432845829433	2.3872195686398987	2.38677583684854	2.386770206188683
0.010499999999999999	2.5354457071730105	2.3707265852016812	2.383216840775055	2.3827327933357485	2.382726470443192
0.010799999999999999	2.5354457071730105	2.3660203245739293	2.3792345051642085	2.378707771232354	2.3787006941601305
0.011099999999999999	2.5354457071730105	2.3613140639461765	2.375272561807359	2.3747007027999376	2.3746928060111747
0.011399999999999999	2.5354457071730105	2.356607803318424	2.371331010704507	2.3707115203000844	2.370702734566877
0.011699999999999999	2.5354457071730105	2.3519015426906718	2.3674098518556526	2.366740155994376	2.366730408296664
0.011999999999999999	2.5354457071730105	2.34719528206292	2.3635090852607954	2.3627865421443968	2.3627757555688396
0.012299999999999998	2.5354457071730105	2.342489021435168	2.359628710919936	2.3588506110117278	2.3588387046505823
0.012599999999999998	2.5354457071730105	2.3377827608074155	2.3557687288330733	2.354932294857952	2.3549191837079464
0.012899999999999998	2.5354457071730105	2.3330765001796627	2.351929139000208	2.3510315259446526	2.3510171208058632
0.013199999999999998	2.5354457071730105	2.3283702395519104	2.34810994142134	2.347148236533413	2.34713244390814
0.013499999999999998	2.5354457071730105	2.3236639789241584	2.34431113609647	2.3432823588858156	2.343265080877459
0.013799999999999998	2.5354457071730105	2.3189577182964065	2.3405327230255972	2.339433825263444	2.339414959475379
0.014099999999999998	2.5354457071730105	2.314251457668654	2.336774702208721	2.335602567927879	2.335582007362332
0.0144	2.5354457071730105	2.3095451970409018	2.3330370736458423	2.3317885191407055	2.3317661520976305
0.0147	2.5354457071730105	2.304838936413149	2.3293198373369615	2.3279916111635046	2.3279673211394587
0.015	2.5354457071730105	2.300132675785397	2.3256229932820776	2.3242117762578607	2.3241854418448793
0.0153	2.5354457071730105	2.295426415157645	2.321946541481192	2.320448946685357	2.3204204414698317
0.0156	2.5354457071730105	2.2907201545298927	2.3182904819343024	2.316703054707574	2.3166722471691257
0.015899999999999997	2.5354457071730105	2.286013893902141	2.314654814641411	2.3129740325860966	2.312940785996453
0.0162	2.5354457071730105	2.2813076332743876	2.311039539602516	2.3092618125825055	2.309225984904377
0.016499999999999997	2.5354457071730105	2.2766013726466365	2.30744465681762	2.3055663269583877	2.3055277707443422
0.0168	2.5354457071730105	2.2718951120188837	2.30387016628672	2.3018875079753207	2.3018460702666608
0.017099999999999997	2.5354457071730105	2.2671888513911314	2.300316068009818	2.2982252878948914	2.2981808101205297
0.0174	2.5354457071730105	2.262482590763379	2.2967823619869128	2.294579598978681	2.294531916854015
0.017699999999999997	2.5354457071730105	2.257776330135627	2.293269048218005	2.290950373488272	2.2908993169140617
0.018	2.5354457071730105	2.2530700695078747	2.289776126703095	2.287337543685248	2.2872829366464904
0.018299999999999997	2.5354457071730105	2.2483638088801223	2.286303597442182	2.2837410418311923	2.283682702295998
0.0186	2.5354457071730105	2.2436575482523704	2.2828514604352663	2.280160800187686	2.2800985400061546
0.018899999999999997	2.5354457071730105	2.238951287624618	2.2794197156823484	2.2765967510163136	2.27653037581941
0.0192	2.5354457071730105	2.2342450269968666	2.276008363183428	2.273048826578658	2.2729781356770875
0.0195	2.5354457071730105	2.229538766369113	2.2726174029385033	2.2695169591362996	2.2694417454193845
0.019799999999999998	2.5354457071730105	2.22483250574136	2.2692468349475767	2.266001080950823	2.265921130785378
0.0201	2.5354457071730105	2.2201262451136086	2.2658966592106484	2.2625011242838124	2.2624162174130213
0.020399999999999998	2.5354457071730105	2.2154199844858558	2.262566875727716	2.259017021396848	2.2589269308391384
0.0207	2.5354457071730105	2.2107137238581047	2.259257484498783	2.255548704551516	2.255453196499435
0.020999999999999998	2.5354457071730105	2.206007463230352	2.255968485523846	2.2520961060093954	2.2519949397284877
0.0213	2.5354457071730105	2.2013012026025995	2.2526998788029067	2.248659158032071	2.2485520857597514
0.021599999999999998	2.5354457071730105	2.196594941974848	2.249451664335965	2.2452377928811265	2.245124559725559
0.0219	2.5354457071730105	2.1918886813470952	2.24622384212302	2.2418319428181417	2.241712286657113
0.022199999999999998	2.5354457071730105	2.1871824207193424	2.2430164121640717	2.2384415401047026	2.2383151914844994
0.0225	2.5354457071730105	2.182476160091591	2.2398293744591222	2.2350665170023905	2.234933199036674
0.022799999999999997	2.5354457071730105	2.1777698994638373	2.2366627290081684	2.2317068057727876	2.2315662340414706
0.0231	2.5354457071730105	2.1730636388360858	2.2335164758112134	2.22836233867748	2.2282142211256026
0.023399999999999997	2.5354457071730105	2.168357378208333	2.2303906148682553	2.2250330479780462	2.224877084814651
0.0237	2.5354457071730105	2.1636511175805806	2.2272851461792946	2.2217188659360723	2.2215547495330803
0.023999999999999997	2.5354457071730105	2.158944856952829	2.2242000697443314	2.218419724813139	2.2182471396042267
0.0243	2.5354457071730105	2.1542385963250767	2.2211353855633655	2.215135556870831	2.214954179250304
0.024599999999999997	2.5354457071730105	2.1495323356973253	2.2180910936363976	2.2118662943707315	2.2116757925924024
0.0249	2.5354457071730105	2.144826075069572	2.215067193963425	2.2086118695744186	2.2084119036504823
0.025199999999999997	2.5354457071730105	2.14011981444182	2.2120636865444516	2.2053722147434804	2.20516243634339
0.0255	2.5354457071730105	2.135413553814068	2.2090805713794754	2.202147262139499	2.20192731448884
0.025799999999999997	2.5354457071730105	2.1307072931863145	2.2061178484684945	2.1989369440240525	2.1987064618034218
0.026099999999999998	2.5354457071730105	2.126001032558563	2.2031755178115136	2.1957411926587307	2.1954998019026095
0.026399999999999996	2.5354457071730105	2.12129477193081	2.2002535794085283	2.1925599403051117	2.1923072583007426
0.026699999999999998	2.5354457071730105	2.116588511303059	2.197352033259542	2.1893931192247815	2.189128754411046
0.026999999999999996	2.5354457071730105	2.1118822506753063	2.1944708793645518	2.186240661679319	2.185964213545609
0.027299999999999998	2.5354457071730105	2.107175990047554	2.191610117723559	2.183102499930311	2.1828135589154094
0.027599999999999996	2.5354457071730105	2.1024697294198025	2.188769748336565	2.179978566239338	2.179676713630292
0.027899999999999998	2.5354457071730105	2.0977634687920492	2.1859497712035654	2.1768687928679817	2.176553600698979
0.028199999999999996	2.5354457071730105	2.0930572081642973	2.1831501863245655	2.173773112077829	2.1734441430290747
0.028499999999999998	2.5354457071730105	2.0883509475365454	2.1803709936995626	2.1706914561304598	2.1703482634270497
0.0288	2.5354457071730105	2.0836446869087926	2.177612193328556	2.167623757287456	2.167265884598255
0.029099999999999997	2.5354457071730105	2.0789384262810415	2.174873785211549	2.1645699478104055	2.164196929146922
0.0294	2.5354457071730105	2.0742321656532874	2.172155769348536	2.161529959960883	2.1611413195761475
0.029699999999999997	2.5354457071730105	2.0695259050255363	2.1694581457395232	2.15850372600048	2.1580989782879154
0.03	2.5354457071730105	2.064819644397783	2.166780914384505	2.155491178190771	2.1550698275830746
0.030299999999999997	2.5354457071730105	2.0601133837700325	2.164124075283488	2.152492248793348	2.152053789661363
0.0306	2.5354457071730105	2.0554071231422797	2.161487628436466	2.149506870069786	2.1490507866213795
0.030899999999999997	2.5354457071730105	2.0507008625145264	2.1588715738434407	2.14653497428167	2.1460607404606087
0.0312	2.5354457071730105	2.0459946018867745	2.156275911504414	2.1435764936905852	2.14308357307541
0.0315	2.5354457071730105	2.0412883412590226	2.1537006414193844	2.140631360558114	2.1401192062610175
0.031799999999999995	2.5354457071730105	2.0365820806312707	2.1511457635883526	2.137699507145836	2.1371675617115367
0.0321	2.5354457071730105	2.031875820003518	2.148611278011317	2.134780865715336	2.1342285610199565
0.0324	2.5354457071730105	2.0271695593757646	2.146097184688278	2.1318753685281973	2.1313021256781366
0.0327	2.5354457071730105	2.022463298748014	2.1436034836192395	2.128982947846005	2.1283881770768174
0.032999999999999995	2.5354457071730105	2.017757038120262	2.1411301748041964	2.1261035359303357	2.125486636505607
0.033299999999999996	2.5354457071730105	2.013050777492508	2.1386772582431495	2.123237065042777	2.1225974251529967
0.0336	2.5354457071730105	2.0083445168647565	2.136244733936101	2.1203834674449107	2.1197204641063516
0.0339	2.5354457071730105	2.0036382562370045	2.133832601883051	2.1175426753983215	2.1168556743519145
0.034199999999999994	2.5354457071730105	1.998931995609252	2.131440862083997	2.1147146211645875	2.114002976774796
0.034499999999999996	2.5354457071730105	1.9942257349815002	2.1290695145389407	2.1118992370052956	2.1111622921589928
0.0348	2.5354457071730105	1.9895194743537474	2.1267185592478812	2.109096455182027	2.1083335411873714
0.0351	2.5354457071730105	1.9848132137259946	2.124387996210819	2.106306207956365	2.1055166444416757
0.035399999999999994	2.5354457071730105	1.9801069530982431	2.1220778254277555	2.103528427589892	2.102711522402527
0.035699999999999996	2.5354457071730105	1.9754006924704914	2.119788046898689	2.100763046344192	2.0999180954494205
0.036	2.5354457071730105	1.9706944318427386	2.117518660623619	2.0980099964808474	2.0971362838607277
0.0363	2.5354457071730105	1.9659881712149858	2.115269666602546	2.095269210261439	2.0943660078136936
0.036599999999999994	2.5354457071730105	1.9612819105872341	2.113041064835472	2.0925406199475516	2.091607187384444
0.036899999999999995	2.5354457071730105	1.9565756499594813	2.1108328553223945	2.08982415780077	2.08885974254798
0.0372	2.5354457071730105	1.9518693893317298	2.1086450380633144	2.0871197560826724	2.086123593178172
0.0375	2.5354457071730105	1.947163128703977	2.106477613058231	2.084427347054845	2.0833986590477727
0.03779999999999999	2.5354457071730105	1.9424568680762253	2.104330580307146	2.0817468629788696	2.0806848598284096
0.038099999999999995	2.5354457071730105	1.9377506074484725	2.1022039398100576	2.0790782361163282	2.0779821150905846
0.0384	2.5354457071730105	1.9330443468207208	2.100097691566967	2.0764213987288063	2.0752903443036765
0.0387	2.5354457071730105	1.9283380861929669	2.0980118355778723	2.0737762830778808	2.072609466835936
0.039	2.5354457071730105	1.9236318255652152	2.0959463718427767	2.071142821425143	2.0699394019545
0.039299999999999995	2.5354457071730105	1.9189255649374637	2.093901300361678	2.0685209460321703	2.0672800688253705
0.039599999999999996	2.5354457071730105	1.9142193043097109	2.091876621134576	2.065910589160546	2.0646313865134283
0.0399	2.5354457071730105	1.9095130436819592	2.0898723341614724	2.0633116830718556	2.0619932739824347
0.0402	2.5354457071730105	1.9048067830542064	2.087888439442365	2.060724160027677	2.0593656500950175
0.040499999999999994	2.5354457071730105	1.9001005224264547	2.085924936977257	2.058147952289597	2.0567484336126913
0.040799999999999996	2.5354457071730105	1.8953942617987019	2.083981826766144	2.0555829921191986	2.05414154319584
0.0411	2.5354457071730105	1.890688001170949	2.082059108809029	2.0530292117780626	2.051544897403723
0.0414	2.5354457071730105	1.8859817405431976	2.0801567831059122	2.0504865435277737	2.0489584146944795
0.041699999999999994	2.5354457071730105	1.8812754799154447	2.0782748496567915	2.047954919629911	2.04638201342512
0.041999999999999996	2.5354457071730105	1.876569219287693	2.0764133084616696	2.045434272346064	2.043815611851536
0.0423	2.5354457071730105	1.8718629586599402	2.0745721595205433	2.042924533937808	2.0412591281284884
0.0426	2.5354457071730105	1.8671566980321885	2.0727514028334157	2.04042563666673	2.0387124803096186
0.042899999999999994	2.5354457071730105	1.8624504374044357	2.0709510384002856	2.0379375127944166	2.036175586347449
0.043199999999999995	2.5354457071730105	1.8577441767766854	2.0691710662211538	2.0354600945824424	2.0336483640933616
0.0435	2.5354457071730105	1.8530379161489314	2.0674114862960153	2.0329933142923915	2.031130731297627
0.0438	2.5354457071730105	1.8483316555211797	2.065672298624878	2.0305371041858558	2.0286226056093963
0.04409999999999999	2.5354457071730105	1.843625394893427	2.0639535032077356	2.0280913965244087	2.026123904576682
0.044399999999999995	2.5354457071730105	1.838919134265674	2.062255100044592	2.0256561235696346	2.0236345456463796
0.0447	2.5354457071730105	1.8342128736379213	2.0605770891354442	2.0232312175831177	2.021154446164262
0.045	2.5354457071730105	1.829506613010171	2.0589194704802964	2.020816610826446	2.0186835233749805
0.04529999999999999	2.5354457071730105	1.8248003523824192	2.0572822440791456	2.0184122355611938	2.0162216944220526
0.045599999999999995	2.5354457071730105	1.8200940917546653	2.055665409931989	2.016018024048944	2.013768876347875
0.045899999999999996	2.5354457071730105	1.8153878311269136	2.054068968038833	2.013633908551289	2.0113249860937317
0.0462	2.5354457071730105	1.8106815704991608	2.0524929183996723	2.0112598213298014	2.0088899404997633
0.04649999999999999	2.5354457071730105	1.805975309871409	2.05093726101451	2.0088956946460677	2.0064636563050016
0.046799999999999994	2.5354457071730105	1.8012690492436563	2.0494019958833456	2.0065414607616745	2.004046050147349
0.047099999999999996	2.5354457071730105	1.7965627886159048	2.047887123006178	2.0041970519382013	2.001637038563584
0.0474	2.5354457071730105	1.7918565279881506	2.0463926423830054	2.001862400437228	1.9992365379893577
0.04769999999999999	2.5354457071730105	1.7871502673604003	2.044918554013834	1.9995374385203406	1.9968444647592005
0.047999999999999994	2.5354457071730105	1.7824440067326475	2.0434648578986563	1.9972220984491216	1.9944607351065202
0.048299999999999996	2.5354457071730105	1.7777377461048947	2.0420315540374787	1.9949163124851559	1.9920852651635976
0.0486	2.5354457071730105	1.773031485477143	2.040618642430298	1.9926200128900242	1.9897179709615913
0.0489	2.5354457071730105	1.7683252248493915	2.039226123077115	1.99033313192531	1.9873587684305343
0.049199999999999994	2.5354457071730105	1.7636189642216398	2.0378539959779283	1.9880556018525948	1.9850075733993315
0.049499999999999995	2.5354457071730105	1.7589127035938859	2.036502261132739	1.9857873549334617	1.9826643015957721
0.0498	2.5354457071730105	1.7542064429661341	2.0351709185415467	1.983528323429495	1.9803288686465153
0.0501	2.5354457071730105	1.7495001823383824	2.0338599682043523	1.9812784396022765	1.978001190077099
0.05039999999999999	2.5354457071730105	1.7447939217106296	2.0325694101211553	1.979037635713387	1.9756811813119342
0.050699999999999995	2.5354457071730105	1.7400876610828768	2.0312992442919566	1.9768058440244176	1.973368757674315
0.051	2.5354457071730105	1.7353814004551253	2.0300494707167545	1.97458299679694	1.9710638343863955
0.0513	2.5354457071730105	1.7306751398273725	2.0288200893955484	1.9723690262925424	1.9687663265692237
0.05159999999999999	2.5354457071730105	1.7259688791996197	2.0276111003283397	1.9701638647728061	1.966476149242709
0.051899999999999995	2.5354457071730105	1.721262618571868	2.0264225035151306	1.967967444499319	1.9641932173256518
0.052199999999999996	2.5354457071730105	1.7165563579441152	2.025254298955918	1.9657796977336588	1.9619174456357151
0.0525	2.5354457071730105	1.7118500973163635	2.0241064866507017	1.9636005567374077	1.959648748889439
0.05279999999999999	2.5354457071730105	1.7071438366886107	2.0229790665994827	1.9614299537721522	1.9573870417022488
0.053099999999999994	2.5354457071730105	1.7024375760608603	2.0218720388022646	1.959267821099478	1.9551322385884427
0.053399999999999996	2.5354457071730105	1.6977313154331064	2.0207854032590378	1.957114090980955	1.9528842539611788
0.0537	2.5354457071730105	1.6930250548053536	2.019719159969811	1.9549686956781767	1.9506430021325123
0.05399999999999999	2.5354457071730105	1.688318794177602	2.018673308934583	1.9528315674527275	1.9484083973133697
0.054299999999999994	2.5354457071730105	1.6836125335498502	2.0176478501533524	1.9507026385661832	1.9461803536135431
0.054599999999999996	2.5354457071730105	1.6789062729220974	2.016642783626118	1.9485818412801308	1.9439587850417095
0.0549	2.5354457071730105	1.674200012294346	2.0156581093528816	1.9464691078561565	1.9417436055054236
0.05519999999999999	2.5354457071730105	1.669493751666593	2.014693827333642	1.9443643705558302	1.939534728811098
0.055499999999999994	2.5354457071730105	1.6647874910388403	2.0137499375683987	1.9422675616407497	1.9373320686640518
0.055799999999999995	2.5354457071730105	1.6600812304110875	2.0128264400571525	1.940178613372487	1.9351355386684497
0.0561	2.5354457071730105	1.6553749697833358	2.0119233347999064	1.9380974580126313	1.9329450523273537
0.05639999999999999	2.5354457071730105	1.650668709155584	2.0110406217966563	1.9360240278227643	1.9307605230426905
0.05669999999999999	2.5354457071730105	1.6459624485278312	2.0101783010474037	1.93395825506447	1.928581864115267
0.056999999999999995	2.5354457071730105	1.6412561879000798	2.0093363725521485	1.9319000719993273	1.9264089887447622
0.0573	2.5354457071730105	1.636549927272327	2.0085148363108907	1.9298494108889201	1.9242418100297343
0.0576	2.5354457071730105	1.6318436666445741	2.007713692323629	1.9278062039948338	1.9220802409676143
0.05789999999999999	2.5354457071730105	1.62713740601682	2.0069329405903638	1.9257703835786466	1.919924194454714
0.058199999999999995	2.5354457071730105	1.622431145389072	2.0061725811111017	1.9237418819019514	1.917773583286222
0.058499999999999996	2.5354457071730105	1.6177248847613168	2.00543261388583	1.9217206312263155	1.9156283201561877
0.0588	2.5354457071730105	1.613018624133564	2.0047130389145593	1.9197065638133364	1.9134883176575574
0.05909999999999999	2.5354457071730105	1.6083123635058147	2.0040138561972882	1.9176996119245922	1.911353488282143
0.059399999999999994	2.5354457071730105	1.603606102878062	2.00333506573401	1.915699707821659	1.9092237444206255
0.059699999999999996	2.5354457071730105	1.5988998422503091	2.002676667524729	1.9137067837661257	1.907098998362573
0.06	2.5354457071730105	1.5941935816225552	2.0020386615694443	1.9117207720195708	1.904979162296423
0.06029999999999999	2.5354457071730105	1.589487320994806	2.0014210478681655	1.9097416048435911	1.9028641483095043
0.060599999999999994	2.5354457071730105	1.5847810603670542	2.000823826420877	1.907769214499755	1.9007538683879919
0.060899999999999996	2.5354457071730105	1.580074799739299	2.0002469972275834	1.9058035332496435	1.8986482344169542
0.0612	2.5354457071730105	1.5753685391115486	1.9996905602882944	1.903844493354852	1.896547158180347
0.06149999999999999	2.5354457071730105	1.570662278483797	1.9991545156030004	1.9018920270769588	1.8944505513609848
0.061799999999999994	2.5354457071730105	1.5659560178560419	1.9986388631716991	1.8999460666775363	1.8923583255405512
0.062099999999999995	2.5354457071730105	1.561249757228289	1.9981436029943975	1.898006544418178	1.8902703921996284
0.0624	2.5354457071730105	1.5565434966005385	1.9976687350710958	1.8960733925604683	1.8881866627176649
0.06269999999999999	2.5354457071730105	1.551837235972787	1.9972142594017914	1.8941465433659865	1.8861070483729776
0.063	2.5354457071730105	1.5471309753450342	1.996780175986482	1.8922259290963126	1.8840314603427661
0.0633	2.5354457071730105	1.54242471471728	1.9963664848251679	1.8903114820130278	1.8819598097030998
0.06359999999999999	2.5354457071730105	1.5377184540895308	1.9959731859178582	1.8884031343777288	1.8798920074289427
0.0639	2.5354457071730105	1.5330121934617793	1.9956002792645422	1.8865008184519827	1.8778279643941076
0.0642	2.5354457071730105	1.5283059328340252	1.9952477648652203	1.8846044664973776	1.8757675913712977
0.06449999999999999	2.5354457071730105	1.5235996722062737	1.9949156427199004	1.8827140107755	1.8737107990320987
0.0648	2.5354457071730105	1.5188934115785184	1.994603912828572	1.8808293835479248	1.8716574979469531
0.06509999999999999	2.5354457071730105	1.5141871509507667	1.9943125751912458	1.8789505170762422	1.8696075985851988
0.0654	2.5354457071730105	1.5094808903230175	1.9940416298079193	1.8770773436220385	1.8675610113150456
0.0657	2.5354457071730105	1.5047746296952647	1.9937910766785856	1.8752097954468852	1.8655176464035628
0.06599999999999999	2.5354457071730105	1.5000683690675132	1.9935609158032506	1.8733478048123708	1.8634774140167114
0.0663	2.5354457071730105	1.495362108439759	1.9933511471819103	1.8714913039800813	1.8614402242193244
0.06659999999999999	2.5354457071730105	1.490655847812005	1.9931617708145712	1.869640225211595	1.8594059869751143
0.06689999999999999	2.5354457071730105	1.4859495871842558	1.9929927867012296	1.8677945007684897	1.8573746121466592
0.0672	2.5354457071730105	1.481243326556502	1.9928441948418794	1.8659540629123559	1.855346009495418
0.06749999999999999	2.5354457071730105	1.4765370659287502	1.9927159952365348	1.864118843904786	1.8533200886817458
0.0678	2.5354457071730105	1.4718308053009985	1.992608187885184	1.8622887760073443	1.8512967592648337
0.0681	2.5354457071730105	1.467124544673247	1.9925207727878296	1.860463791481616	1.849275930702769
0.06839999999999999	2.5354457071730105	1.462418284045493	1.9924537499444739	1.8586438225891986	1.8472575123525345
0.0687	2.5354457071730105	1.4577120234177414	1.9924071193551143	1.8568288015916559	1.845241413469947
0.06899999999999999	2.5354457071730105	1.4530057627899897	1.9923808810197507	1.8550186607505879	1.8432275432097402
0.0693	2.5354457071730105	1.4482995021622358	1.9923750349383884	1.8532133323275723	1.8412158106255039
0.0696	2.5354457071730105	1.443593241534484	1.99238958111102	1.8514127485841834	1.839206124669694
0.06989999999999999	2.5354457071730105	1.4388869809067302	1.9924245195376475	1.8496168417820087	1.8371983941936585
0.0702	2.5354457071730105	1.4341807202789785	1.9924798502182761	1.8478255441826335	1.8351925279476142
0.0705	2.5354457071730105	1.4294744596512268	1.9925555731529034	1.8460387880476503	1.8331884345806722
0.07079999999999999	2.5354457071730105	1.4247681990234753	1.9926516883415246	1.8442565056386209	1.8311860226407788
0.0711	2.5354457071730105	1.4200619383957236	1.9927681957841465	1.8424786292171427	1.8291852005748006
0.07139999999999999	2.5354457071730105	1.4153556777679719	1.9929050954807626	1.8407050910447915	1.827185876728445
0.0717	2.5354457071730105	1.410649417140218	1.993062387431377	1.838935823383148	1.8251879593463134
0.072	2.5354457071730105	1.4059431565124663	1.993240071635988	1.8371707584938073	1.8231913565718874
0.07229999999999999	2.5354457071730105	1.4012368958847148	1.9934381480945995	1.8354098286383498	1.8211959764475196
0.0726	2.5354457071730105	1.3965306352569606	1.9936566168072027	1.8336529660783445	1.8192017269144167
0.07289999999999999	2.5354457071730105	1.3918243746292092	1.993895477773807	1.831900103075386	1.817208515812697
0.07319999999999999	2.5354457071730105	1.3871181140014575	1.9941547309944099	1.8301511718910533	1.8152162508813323
0.0735	2.5354457071730105	1.3824118533737058	1.994434376469009	1.8284061047869358	1.8132248397581798
0.07379999999999999	2.5354457071730105	1.3777055927459518	1.994734414197604	1.8266648340246026	1.8112341899799607
0.0741	2.5354457071730105	1.372999332118198	1.9950548441801956	1.8249272918656463	1.8092442089822804
0.0744	2.5354457071730105	1.3682930714904487	1.995395666416788	1.8231934105716594	1.8072548040996423
0.07469999999999999	2.5354457071730105	1.363586810862697	1.9957568809073767	1.8214631224041966	1.8052658825653674
0.075	2.5354457071730105	1.358880550234943	1.9961384876519592	1.8197363596248692	1.8032773515117146
0.07529999999999999	2.5354457071730105	1.3541742896071889	1.9965404866505427	1.8180130544952438	1.8012891179697803
0.07559999999999999	2.5354457071730105	1.3494680289794396	1.9969628779031225	1.8162931392769104	1.7993010888695526
0.0759	2.5354457071730105	1.3447617683516857	1.9974056614096984	1.8145765462314405	1.7973131710398864
0.07619999999999999	2.5354457071730105	1.340055507723934	1.9978688371702753	1.812863207620443	1.7953252712085401
0.0765	2.5354457071730105	1.3353492470961825	1.9983524051848462	1.8111530557054725	1.7933372960020955
0.0768	2.5354457071730105	1.3306429864684308	1.9988563654534155	1.8094460227481215	1.7913491519460483
0.07709999999999999	2.5354457071730105	1.325936725840677	1.9993807179759813	1.8077420410099734	1.7893607454647693
0.0774	2.5354457071730105	1.3212304652129228	1.9999254627525453	1.8060410427526201	1.7873719828815027
0.07769999999999999	2.5354457071730105	1.3165242045851735	2.000490599783108	1.804342960237631	1.7853827704183516
0.078	2.5354457071730105	1.3118179439574196	2.001076129067665	1.802647725726601	1.783393014196316
0.0783	2.5354457071730105	1.3071116833296679	2.0016820506062203	1.8009552714810937	1.781402620235248
0.07859999999999999	2.5354457071730105	1.3024054227019164	2.002308364398774	1.799265529762709	1.779411494453908
0.0789	2.5354457071730105	1.2976991620741647	2.0029550704453287	1.7975784328330349	1.777419542669918
0.07919999999999999	2.5354457071730105	1.2929929014464108	2.0036221687458706	1.795893912953628	1.7754266705997446
0.07949999999999999	2.5354457071730105	1.288286640818659	2.004309659300418	1.7942119023861025	1.773432783858792
0.0798	2.5354457071730105	1.2835803801909074	2.0050175421089613	1.7925323333920198	1.7714377879612848
0.08009999999999999	2.5354457071730105	1.2788741195631559	2.0057458171715012	1.790855138232968	1.7694415883203476
0.0804	2.5354457071730105	1.2741678589354017	2.0064944844880372	1.7891802491705324	1.7674440902479844
0.0807	2.5354457071730105	1.2694615983076478	2.0072635440585715	1.787507598466296	1.765445198955066
0.08099999999999999	2.5354457071730105	1.2647553376798986	2.0080529958831073	1.785837118381842	1.7634448195513457
0.0813	2.5354457071730105	1.2600490770521446	2.008862839961637	1.7841687411787484	1.7614428570454401
0.08159999999999999	2.5354457071730105	1.255342816424393	2.0096930762941625	1.7825023991185986	1.7594392163448564
0.08189999999999999	2.5354457071730105	1.2506365557966412	2.0105437048806865	1.780838024462985	1.757433802255979
0.0822	2.5354457071730105	1.2459302951688873	2.011414725721207	1.7791755494734738	1.755426519484042
0.08249999999999999	2.5354457071730105	1.2412240345411356	2.012306138815726	1.7775149064116604	1.7534172726331907
0.0828	2.5354457071730105	1.2365177739133841	2.0132179441642437	1.7758560275391368	1.7514059662064363
0.0831	2.5354457071730105	1.2318115132856324	2.0141501417667556	1.7741988451174582	1.7493925046056327
0.08339999999999999	2.5354457071730105	1.2271052526578785	2.0151027316232657	1.7725432914082309	1.7473767921315613
0.0837	2.5354457071730105	1.2223989920301268	2.016075713733774	1.7708892986730238	1.7453587329838385
0.08399999999999999	2.5354457071730105	1.217692731402375	2.017069088098282	1.769236799173439	1.7433382312609922
0.08429999999999999	2.5354457071730105	1.2129864707746236	2.018082854716785	1.7675857251710312	1.7413151909603806
0.0846	2.5354457071730105	1.2082802101468695	2.0191170135892826	1.7659360089273974	1.7392895159782733
0.08489999999999999	2.5354457071730105	1.203573949519118	2.020171564715781	1.7642875827041327	1.7372611101098223
0.0852	2.5354457071730105	1.1988676888913663	2.021246508096276	1.762640378762801	1.7352298770490198
0.08549999999999999	2.5354457071730105	1.1941614282636124	2.0223418437307665	1.7609943293649952	1.7331957203887591
0.08579999999999999	2.5354457071730105	1.1894551676358607	2.023457571619261	1.7593493667723075	1.7311585436208194
0.0861	2.5354457071730105	1.184748907008109	2.0245936917617464	1.7577054232462879	1.7291182501358027
0.08639999999999999	2.5354457071730105	1.1800426463803597	2.025750204158233	1.7560624310485455	1.727074743223253
0.0867	2.5354457071730105	1.1753363857526034	2.026927108808709	1.7544203224406587	1.7250279260715544
0.087	2.5354457071730105	1.1706301251248519	2.028124405713188	1.7527790296842078	1.7229777017679713
0.08729999999999999	2.5354457071730105	1.1659238644971002	2.029342094871666	1.7511384850407836	1.7209239732986554
0.0876	2.5354457071730105	1.1612176038693485	2.030580176284142	1.7494986207719614	1.7188666435486177
0.08789999999999999	2.5354457071730105	1.1565113432415945	2.03183864995061	1.7478593691393105	1.7168056153017375
0.08819999999999999	2.5354457071730105	1.1518050826138428	2.0331175158710786	1.7462206624044516	1.7147407912408235
0.0885	2.5354457071730105	1.1470988219860914	2.034416774045546	1.7445824328289394	1.7126720739474948
0.08879999999999999	2.5354457071730105	1.1423925613583372	2.0357364244740097	1.74294461267435	1.7105993659022662
0.0891	2.5354457071730105	1.1376863007305857	2.037076467156467	1.741307134202285	1.7085225694845552
0.0894	2.5354457071730105	1.1329800401028316	2.038436902092923	1.7396699296743137	1.7064415869726162
0.08969999999999999	2.5354457071730105	1.1282737794750848	2.039817729283385	1.7380329313520377	1.7043563205436243
0.09	2.5354457071730105	1.1235675188473309	2.0412189487278334	1.736396071497019	1.7022666722735806
0.09029999999999999	2.5354457071730105	1.1188612582195767	2.0426405604262854	1.7347592823708475	1.700172544137395
0.09059999999999999	2.5354457071730105	1.1141549975918275	2.0440825643787335	1.7331224962351137	1.69807383800885
0.0909	2.5354457071730105	1.1094487369640735	2.0455449605851728	1.7314856453513863	1.6959704556605857
0.09119999999999999	2.5354457071730105	1.1047424763363196	2.0470277490456157	1.7298486619812579	1.6938622987641403
0.0915	2.5354457071730105	1.1000362157085655	2.0485309297600502	1.7282114783863087	1.6917492688899167
0.09179999999999999	2.5354457071730105	1.0953299550808162	2.050054502728495	1.726574026828132	1.6896312675072047
0.09209999999999999	2.5354457071730105	1.0906236944530647	2.0515984679509267	1.7249362395682912	1.6875081959841414
0.0924	2.5354457071730105	1.0859174338253106	2.053162825427357	1.7232980488683887	1.685379955587777
0.09269999999999999	2.5354457071730105	1.081211173197559	2.054747575157788	1.7216593869899885	1.6832464474839999
0.09299999999999999	2.5354457071730105	1.0765049125698074	2.056352717142211	1.7200201861946784	1.6811075727376115
0.0933	2.5354457071730105	1.0717986519420557	2.0579782513806344	1.7183803787440532	1.678963232312256
0.09359999999999999	2.5354457071730105	1.0670923913143018	2.059624177873059	1.7167398968996939	1.676813327070493
0.0939	2.5354457071730105	1.06238613068655	2.0612904966194727	1.7150986729231619	1.6746577577737107
0.09419999999999999	2.5354457071730105	1.0576798700587986	2.062977207619892	1.713456639076071	1.6724964250822105
0.09449999999999999	2.5354457071730105	1.0529736094310445	2.064684310874303	1.7118137276199783	1.6703292295551457
0.0948	2.5354457071730105	1.0482673488032905	2.0664118063827104	1.7101698708164765	1.6681560716505572
0.09509999999999999	2.5354457071730105	1.0435610881755413	2.0681596941451232	1.7085250009271555	1.6659768517253633
0.09539999999999998	2.5354457071730105	1.0388548275477896	2.069927974161525	1.706879050213594	1.6637914700353609
0.0957	2.5354457071730105	1.0341485669200357	2.0717166464319257	1.7052319509373555	1.6615998267351935
0.09599999999999999	2.5354457071730105	1.029442306292284	2.07352571095632	1.7035836353600473	1.6594018218784186
0.0963	2.5354457071730105	1.0247360456645325	2.075355167734725	1.7019340357432569	1.657197355417478
0.09659999999999999	2.5354457071730105	1.0200297850367783	2.077205016767114	1.7002830843485364	1.654986327203621
0.09689999999999999	2.5354457071730105	1.0153235244090268	2.079075258053507	1.6986307134375	1.652768636987048
0.0972	2.5354457071730105	1.0106172637812751	2.0809658915938956	1.6969768552717046	1.6505441844167876
0.09749999999999999	2.5354457071730105	1.0059110031535234	2.0828769173882855	1.6953214421127616	1.6483128690407842
0.0978	2.5354457071730105	1.001204742525772	2.0848083354366667	1.6936644062222304	1.6460745903058105
0.09809999999999999	2.5354457071730105	0.9964984818980179	2.0867601457390514	1.6920056798617082	1.6438292475575527
0.09839999999999999	2.5354457071730105	0.9917922212702687	2.088732348295423	1.6903451952927544	1.6415767400405485
0.0987	2.5354457071730105	0.9870859606425146	2.0907249431058	1.688682884776971	1.6393169668982304
0.09899999999999999	2.5354457071730105	0.9823797000147607	2.0927379301701734	1.6870186805759553	1.6370498271729208
0.09929999999999999	2.5354457071730105	0.977673439387009	2.094771309488545	1.6853525149512667	1.63477521980577
0.0996	2.5354457071730105	0.9729671787592574	2.0968250810609086	1.6836843201644929	1.6324930436368277
0.09989999999999999	2.5354457071730105	0.9682609181315034	2.0988992448872708	1.682014028477217	1.6302031974050426
0.1002	2.5354457071730105	0.9635546575037541	2.1009938009676334	1.680341572151022	1.627905579748192
0.10049999999999999	2.5354457071730105	0.9588483968760002	2.1031087493019975	1.6786668834474956	1.625600089202995
0.10079999999999999	2.5354457071730105	0.9541421362482485	2.1052440898903506	1.6769898946282116	1.6232866242049653
0.1011	2.5354457071730105	0.9494358756204969	2.1073998227327047	1.675310537954772	1.6209650830885682
0.10139999999999999	2.5354457071730105	0.9447296149927429	2.109575947829062	1.6736287456887358	1.6186353640870927
0.10169999999999998	2.5354457071730105	0.9400233543649936	2.1117724651794063	1.6719444500917007	1.6162973653327317
0.102	2.5354457071730105	0.9353170937372397	2.113989374783756	1.6702575834252351	1.6139509848565297
0.10229999999999999	2.5354457071730105	0.9306108331094857	2.116226676642097	1.6685680779509462	1.6115961205884493
0.1026	2.5354457071730105	0.9259045724817341	2.1184843707544374	1.6668758659303837	1.6092326703572628
0.10289999999999999	2.5354457071730105	0.9211983118539824	2.120762457120778	1.6651808796251544	1.606860531890689
0.10319999999999999	2.5354457071730105	0.9164920512262285	2.1230609357411083	1.663483051296841	1.604479602815284
0.1035	2.5354457071730105	0.9117857905984744	2.125379806615444	1.6617823132070222	1.6020897806564847
0.10379999999999999	2.5354457071730105	0.9070795299707252	2.127719069743776	1.6600785976172858	1.5996909628386125
0.10409999999999998	2.5354457071730105	0.9023732693429711	2.130078725126104	1.6583718367891955	1.5972830466848364
0.10439999999999999	2.5354457071730105	0.8976670087152195	2.1324587727624307	1.6566619629843633	1.594865929417253
0.10469999999999999	2.5354457071730105	0.892960748087468	2.1348592126527444	1.654948908464334	1.5924395081567675
0.105	2.5354457071730105	0.8882544874597162	2.1372800447970683	1.6532326054907192	1.5900036799232233
0.10529999999999999	2.5354457071730105	0.8835482268319647	2.1397212691953884	1.6515129863251112	1.5875583416353294
0.10559999999999999	2.5354457071730105	0.8788419662042106	2.142182885847698	1.6497899832290557	1.5851033901106129
0.1059	2.5354457071730105	0.874135705576459	2.1446648947540106	1.6480635284641587	1.5826387220655438
0.10619999999999999	2.5354457071730105	0.8694294449487098	2.1471672959143264	1.6463335542920277	1.580164234115467
0.1065	2.5354457071730105	0.8647231843209557	2.1496900893286295	1.644599992974174	1.5776798227745084
0.10679999999999999	2.5354457071730105	0.8600169236932018	2.152233274996928	1.6428627767722663	1.5751853844558354
0.10709999999999999	2.5354457071730105	0.8553106630654501	2.1547968529192305	1.6411218379478214	1.57268081547132
0.1074	2.5354457071730105	0.8506044024376962	2.1573808230955267	1.6393771087624551	1.5701660120318242
0.10769999999999999	2.5354457071730105	0.8458981418099445	2.1599851855258265	1.637628521477751	1.5676408702470515
0.10799999999999998	2.5354457071730105	0.8411918811821929	2.1626099402101175	1.6358760083552586	1.5651052861255388
0.1083	2.5354457071730105	0.8364856205544413	2.1652550871484095	1.6341195016566084	1.5625591555747935
0.10859999999999999	2.5354457071730105	0.8317793599266896	2.1679206263406976	1.632358933643355	1.560002374401113
0.1089	2.5354457071730105	0.8270730992989357	2.1706065577869795	1.6305942365770723	1.557434838309689
0.10919999999999999	2.5354457071730105	0.822366838671184	2.173312881487265	1.628825342719376	1.5548564429046412
0.10949999999999999	2.5354457071730105	0.8176605780434347	2.176039597441549	1.627052184331821	1.5522670836888892
0.1098	2.5354457071730105	0.8129543174156808	2.1787867056498245	1.6252746936760094	1.5496666560642893
0.11009999999999999	2.5354457071730105	0.8082480567879268	2.1815542061120965	1.6234928030134814	1.5470550553315072
0.11039999999999998	2.5354457071730105	0.8035417961601752	2.1843420988283713	1.6217064446058818	1.5444321766901887
0.11069999999999999	2.5354457071730105	0.7988355355324235	2.1871503837986332	1.6199155507147414	1.5417979152387364
0.11099999999999999	2.5354457071730105	0.7941292749046696	2.1899790610229033	1.6181200536016953	1.5391521659745373
0.1113	2.5354457071730105	0.7894230142769179	2.1928281305011668	1.6163198855282794	1.5364948237937643
0.11159999999999999	2.5354457071730105	0.7847167536491663	2.1956975922334268	1.614514978756091	1.5338257834915083
0.11189999999999999	2.5354457071730105	0.7800104930214147	2.1985874462196833	1.612705265546727	1.5311449397617498
0.1122	2.5354457071730105	0.7753042323936606	2.2014976924599425	1.6108906781617471	1.5284521871973074
0.11249999999999999	2.5354457071730105	0.7705979717659114	2.2044283309541983	1.609071148862758	1.5257474202899126
0.11279999999999998	2.5354457071730105	0.7658917111381573	2.2073793617024458	1.6072466099113143	1.5230305334301353
0.11309999999999999	2.5354457071730105	0.7611854505104058	2.2103507847046964	1.6054169935690272	1.5203014209074628
0.11339999999999999	2.5354457071730105	0.7564791898826517	2.213342599960941	1.6035822320974706	1.5175599769102348
0.1137	2.5354457071730105	0.7517729292549025	2.2163548074711863	1.601742257758218	1.514806095525652
0.11399999999999999	2.5354457071730105	0.7470666686271461	2.2193874072354207	1.5998970028128476	1.51203967073981
0.11429999999999998	2.5354457071730105	0.7423604079993945	2.222440399253661	1.5980463995229663	1.5092605964376986
0.1146	2.5354457071730105	0.7376541473716453	2.2255137835259	1.596190380150143	1.50646876640315
0.11489999999999999	2.5354457071730105	0.7329478867438912	2.2286075600521302	1.5943288769559558	1.5036640743188816
0.1152	2.5354457071730105	0.7282416261161373	2.231721728832357	1.5924618222019924	1.5008464137664959
0.11549999999999999	2.5354457071730105	0.723535365488388	2.234856289866589	1.5905891481498315	1.4980156782264609
0.11579999999999999	2.5354457071730105	0.7188291048606317	2.238011243154806	1.5887107870610606	1.4951717610781305
0.1161	2.5354457071730105	0.71412284423288	2.2411865886970332	1.586826671197277	1.492314555599743
0.11639999999999999	2.5354457071730105	0.7094165836051332	2.244382326493252	1.58493673282004	1.4894439549683747
0.11669999999999998	2.5354457071730105	0.7047103229773743	2.2475984565434644	1.583040904190947	1.4865598522600152
0.11699999999999999	2.5354457071730105	0.7000040623496228	2.250834978847675	1.5811391175715717	1.4836621404495105
0.11729999999999999	2.5354457071730105	0.6952978017218758	2.254091893405892	1.5792313052235016	1.4807507124105967
0.1176	2.5354457071730105	0.6905915410941195	2.2573692002181005	1.5773173994083152	1.4778254609158616
0.11789999999999999	2.5354457071730105	0.6858852804663679	2.2606668992843	1.5753973323875954	1.4748862786367973
0.11819999999999999	2.5354457071730105	0.6811790198386186	2.263984990604513	1.5734710364229443	1.471933058143771
0.1185	2.5354457071730105	0.6764727592108646	2.267323474178707	1.571538443775907	1.4689656919059833
0.11879999999999999	2.5354457071730105	0.6717664985831107	2.270682350006903	1.5695994867080998	1.4659840722915665
0.11909999999999998	2.5354457071730105	0.667060237955359	2.2740616180890925	1.567654097481082	1.4629880915674864
0.11939999999999999	2.5354457071730105	0.6623539773276074	2.2774612784252874	1.5657022083564602	1.4599776418996222
0.11969999999999999	2.5354457071730105	0.6576477166998558	2.280881331015479	1.5637437515957942	1.4569526153526908
0.12	2.5354457071730105	0.6529414560721017	2.2843217758596595	1.5617786594606806	1.4539129038903127
0.12029999999999999	2.5354457071730105	0.6482351954443502	2.2877826129578525	1.559806864212722	1.4508583993749937
0.12059999999999998	2.5354457071730105	0.6435289348166009	2.2912638423100398	1.557828298113454	1.4477889935680488
0.1209	2.5354457071730105	0.6388226741888445	2.2947654639162067	1.555842893424483	1.4447045781297398
0.12119999999999999	2.5354457071730105	0.6341164135610953	2.298287477776386	1.5538505824074207	1.4416050446192135
0.12149999999999998	2.5354457071730105	0.6294101529333436	2.3018298838905644	1.551851297323798	1.4384902844944065
0.12179999999999999	2.5354457071730105	0.6247038923055872	2.3053926822587245	1.549844970435212	1.4353601891121976
0.12209999999999999	2.5354457071730105	0.619997631677838	2.3089758728808976	1.5478315340032744	1.4322146497283559
0.1224	2.5354457071730105	0.615291371050084	2.312579455757067	1.54581092028954	1.429053557497473
0.12269999999999999	2.5354457071730105	0.61058511042233	2.316203430887228	1.543783061555601	1.4258768034730498
0.12299999999999998	2.5354457071730105	0.6058788497945831	2.3198477982713968	1.54174789006305	1.422684278607472
0.12329999999999999	2.5354457071730105	0.6011725891668267	2.3235125579095475	1.539705338073451	1.419475873751954
0.12359999999999999	2.5354457071730105	0.5964663285390751	2.327197709801704	1.5376553378483966	1.416251479656637
0.12389999999999998	2.5354457071730105	0.5917600679113258	2.3309032539478594	1.535597821649484	1.4130109869705287
0.12419999999999999	2.5354457071730105	0.5870538072835695	2.3346291903480036	1.5335327217382446	1.4097542862414514
0.12449999999999999	2.5354457071730105	0.5823475466558179	2.338375519002144	1.5314599703763272	1.4064812679162153
0.1248	2.5354457071730105	0.5776412860280662	2.342142239910295	1.5293794998252772	1.4031918223404127
0.1251	2.5354457071730105	0.5729350254003146	2.3459293530724374	1.5272912423466778	1.3998858397585394
0.12539999999999998	2.5354457071730105	0.5682287647725606	2.3497368584885785	1.5251951302021447	1.3965632103140089
0.12569999999999998	2.5354457071730105	0.563522504144809	2.3535647561587134	1.5230910956532189	1.3932238240490307
0.126	2.5354457071730105	0.5588162435170574	2.3574130460828493	1.520979070961483	1.3898675709047268
0.1263	2.5354457071730105	0.5541099828893057	2.361281728260977	1.5188589883885488	1.3864943407211332
0.1266	2.5354457071730105	0.5494037222615518	2.3651708026931026	1.5167307801959802	1.3831040232371141
0.12689999999999999	2.5354457071730105	0.5446974616338001	2.369080269379227	1.5145943786453842	1.379696508090447
0.12719999999999998	2.5354457071730105	0.5399912010060508	2.37301012831936	1.5124497159983197	1.3762716848177377
0.1275	2.5354457071730105	0.5352849403782944	2.376960379513477	1.5102967245163748	1.3728294428544956
0.1278	2.5354457071730105	0.5305786797505452	2.3809310229615974	1.5081353364611279	1.369369671535106
0.1281	2.5354457071730105	0.5258724191227936	2.3849220586637117	1.5059654840941619	1.3658922600928254
0.1284	2.5354457071730105	0.5211661584950396	2.3889334866198197	1.503787099677074	1.3623970976597946
0.12869999999999998	2.5354457071730105	0.516459897867288	2.392965306829926	1.5016001154714473	1.3588840732670395
0.12899999999999998	2.5354457071730105	0.5117536372395364	2.3970175192940433	1.4994044637388413	1.3553530758444101
0.1293	2.5354457071730105	0.5070473766117847	2.401090124012147	1.497200076740853	1.3518039942206976
0.1296	2.5354457071730105	0.502341115984026	2.4051831209842405	1.494986886739061	1.3482367171235126
0.1299	2.5354457071730105	0.4976348553562767	2.4092965102103436	1.4927648259950623	1.3446511331794064
0.13019999999999998	2.5354457071730105	0.49292859472852274	2.413430291690439	1.4905338267703976	1.3410471309137126
0.13049999999999998	2.5354457071730105	0.4882223341007711	2.4175844654245324	1.4882938213267398	1.337424598750791
0.1308	2.5354457071730105	0.4835160734730242	2.4217590314126314	1.486044741925582	1.3337834250136968
0.1311	2.5354457071730105	0.47880981284526547	2.4259539896547055	1.483786520828526	1.3301234979244516
0.1314	2.5354457071730105	0.4741035522175186	2.430169340150802	1.4815190902971929	1.3264447056040087
0.13169999999999998	2.5354457071730105	0.46939729158976223	2.4344050829008808	1.479242382593128	1.3227469360720931
0.13199999999999998	2.5354457071730105	0.46469103096201536	2.438661217904965	1.4769563299779236	1.319030077247343
0.1323	2.5354457071730105	0.459984770334259	2.442937745163036	1.4746608647131627	1.3152940169473006
0.1326	2.5354457071730105	0.45527850970650735	2.447234664675112	1.4723559190604523	1.31153864288837
0.1329	2.5354457071730105	0.4505722490787557	2.4515519764411806	1.4700414252813232	1.3077638426857825
0.13319999999999999	2.5354457071730105	0.44586598845099934	2.4558896804612638	1.4677173156374295	1.3039695038537595
0.13349999999999998	2.5354457071730105	0.44115972782325247	2.4602477767353386	1.4653835223902736	1.3001555138052368
0.13379999999999997	2.5354457071730105	0.4364534671955008	2.4646262652633952	1.4630399778014955	1.2963217598521717
0.1341	2.5354457071730105	0.43174720656774446	2.4690251460454626	1.46068661413265	1.292468129205313
0.1344	2.5354457071730105	0.42704094593999287	2.4734444190815026	1.4583233636453201	1.2885945089743132
0.1347	2.5354457071730105	0.42233468531224594	2.4778840843715715	1.4559501586011265	1.2847007861677469
0.13499999999999998	2.5354457071730105	0.4176284246844896	2.4823441419156276	1.4535669312615955	1.2807868476929418
0.13529999999999998	2.5354457071730105	0.412922164056738	2.4868245917136655	1.4511736138883482	1.276852580356234
0.1356	2.5354457071730105	0.40821590342898634	2.491325433765728	1.4487701387430054	1.2728978708628063
0.1359	2.5354457071730105	0.4035096428012347	2.495846668071768	1.4463564380870366	1.2689226058165843
0.1362	2.5354457071730105	0.3988033821734831	2.5003882946318137	1.4439324441821288	1.2649266717205685
0.13649999999999998	2.5354457071730105	0.39409712154572674	2.5049503134458506	1.4414980892898275	1.2609099549765024
0.13679999999999998	2.5354457071730105	0.3893908609179751	2.5095327245138983	1.439053305671706	1.2568723418850518
0.1371	2.5354457071730105	0.38468460029022344	2.514135527835923	1.436598025589338	1.2528137186457304
0.1374	2.5354457071730105	0.37997833966247185	2.5187587234119633	1.4341321813043255	1.2487339713569743
0.1377	2.5354457071730105	0.3752720790347202	2.52340231124199	1.431655705078261	1.2446329860160668
0.13799999999999998	2.5354457071730105	0.37056581840696856	2.528066291326013	1.429168529172718	1.240510648519167
0.13829999999999998	2.5354457071730105	0.3658595577792122	2.5327506636640367	1.4266705858492608	1.2363668446612999
0.1386	2.5354457071730105	0.3611532971514606	2.537455428256071	1.4241618073695386	1.232201460136442
0.1389	2.5354457071730105	0.35644703652370896	2.542180585102083	1.4216421259950494	1.2280143805372934
0.1392	2.5354457071730105	0.3517407758959573	2.5469261342021	1.419111473987423	1.2238054913555723
0.13949999999999999	2.5354457071730105	0.3470345152682057	2.551692075556123	1.416569783608215	1.219574677981787
0.13979999999999998	2.5354457071730105	0.34232825464044936	2.556478409164119	1.4140169871190267	1.2153218257053784
0.14009999999999997	2.5354457071730105	0.33762199401270243	2.5612851350261394	1.4114530167814412	1.2110468197146436
0.1404	2.5354457071730105	0.33291573338494607	2.566112253142137	1.4088778048570323	1.2067495450967272
0.1407	2.5354457071730105	0.3282094727571945	2.570959763512145	1.4062912836073735	1.2024298868376775
0.141	2.5354457071730105	0.32350321212944283	2.575827666136149	1.403693385294114	1.1980877298224848
0.14129999999999998	2.5354457071730105	0.31879695150169596	2.580715961014145	1.401084042178733	1.193722958834826
0.14159999999999998	2.5354457071730105	0.3140906908739396	2.585624648146137	1.3984631865228985	1.1893354585574702
0.1419	2.5354457071730105	0.30938443024618795	2.5905537275321393	1.3958307505881464	1.1849251135719119
0.1422	2.5354457071730105	0.3046781696184363	2.5955031991721285	1.3931866666360975	1.1804918083586244
0.1425	2.5354457071730105	0.29997190899067994	2.600473063066109	1.3905308669282683	1.1760354272968243
0.14279999999999998	2.5354457071730105	0.29526564836293306	2.6054633192140955	1.3878632837263087	1.1715558546647742
0.14309999999999998	2.5354457071730105	0.2905593877351767	2.6104739676160778	1.385183849291773	1.1670529746394795
0.1434	2.5354457071730105	0.28585312710742505	2.6155050082720614	1.3824924958862728	1.1625266712968974
0.1437	2.5354457071730105	0.28114686647967346	2.6205564411820412	1.3797891557713435	1.157976828611794
0.144	2.5354457071730105	0.2764406058519218	2.6256282663460078	1.3770737612085782	1.153403330457858
0.14429999999999998	2.5354457071730105	0.27173434522417017	2.6307204837639895	1.3743462444596066	1.1488060606076829
0.14459999999999998	2.5354457071730105	0.2670280845964186	2.635833093435958	1.3716065377859554	1.1441849027326516
0.1449	2.5354457071730105	0.2623218239686622	2.6409660953619083	1.3688545734492075	1.1395397404030612
0.1452	2.5354457071730105	0.25761556334091057	2.6461194895418787	1.3660902837110123	1.1348704570881694
0.1455	2.5354457071730105	0.2529093027131589	2.6512932759758456	1.3633136008328677	1.130176936155948
0.14579999999999999	2.5354457071730105	0.24820304208540733	2.656487454663799	1.3605244570764417	1.1254590608734152
0.14609999999999998	2.5354457071730105	0.2434967814576557	2.661702025605758	1.3577227847032323	1.1207167144062944
0.14639999999999997	2.5354457071730105	0.23879052082990407	2.666936988801713	1.3549085159748604	1.1159497798193077
0.1467	2.5354457071730105	0.2340842602021477	2.67219234425166	1.352081583152928	1.1111581400760429
0.147	2.5354457071730105	0.2293779995744008	2.6774680919556126	1.3492419184990088	1.1063416780389255
0.1473	2.5354457071730105	0.22467173894664444	2.6827642319135614	1.3463894542746573	1.1015002764692288
0.14759999999999998	2.5354457071730105	0.21996547831889282	2.688080764125502	1.343524122741485	1.0966338180271955
0.14789999999999998	2.5354457071730105	0.2152592176911412	2.6934176885914476	1.3406458561610748	1.091742185271869
0.1482	2.5354457071730105	0.21055295706338484	2.6987750053113757	1.3377545867950005	1.0868252606611954
0.1485	2.5354457071730105	0.20584669643563794	2.7041527142853092	1.3348502469048165	1.0818829265519505
0.1488	2.5354457071730105	0.20114043580788632	2.7095508155132437	1.331932768752182	1.0769150651999173
0.14909999999999998	2.5354457071730105	0.19643417518012996	2.71496930899517	1.329002084598604	1.0719215587595745
0.14939999999999998	2.5354457071730105	0.19172791455238306	2.720408194731102	1.3260581267056655	1.0669022892843807
0.1497	2.5354457071730105	0.18702165392463144	2.725867472721025	1.323100827335016	1.0618571387267082
0.15	2.5354457071730105	0.18231539329687507	2.73134714296494	1.320130118748191	1.056785988937719