0.000000e+00 1.835367e+02
1.500000e+00 1.835000e+02
3.000000e+00 1.835000e+02
4.500000e+00 1.835000e+02
6.000000e+00 1.835000e+02
7.500000e+00 1.834633e+02
9.000000e+00 1.834633e+02
1.050000e+01 1.834266e+02
1.200000e+01 1.833899e+02
1.350000e+01 1.833899e+02
1.500000e+01 1.833532e+02
1.650000e+01 1.833166e+02
1.800000e+01 1.831332e+02
1.950000e+01 1.832065e+02
2.100000e+01 1.831699e+02
2.250000e+01 1.830966e+02
2.400000e+01 1.830600e+02
2.550000e+01 1.829868e+02
2.700000e+01 1.829136e+02
2.850000e+01 1.828770e+02
3.000000e+01 1.828038e+02
3.150000e+01 1.827307e+02
3.300000e+01 1.826211e+02
3.450000e+01 1.825480e+02
3.600000e+01 1.824750e+02
3.750000e+01 1.823655e+02
3.900000e+01 1.822926e+02
4.050000e+01 1.821832e+02
4.200000e+01 1.820739e+02
4.350000e+01 1.820010e+02
4.500000e+01 1.818918e+02
4.650000e+01 1.817827e+02
4.800000e+01 1.816373e+02
4.950000e+01 1.815283e+02
5.100000e+01 1.814194e+02
5.250000e+01 1.812743e+02
5.400000e+01 1.811655e+02
5.550000e+01 1.810206e+02
5.700000e+01 1.808757e+02
5.850000e+01 1.807310e+02
6.000000e+01 1.805865e+02
6.150000e+01 1.804420e+02
6.300000e+01 1.802976e+02
6.450000e+01 1.801173e+02
6.600000e+01 1.799732e+02
6.750000e+01 1.797933e+02
6.900000e+01 1.796494e+02
7.050000e+01 1.794698e+02
7.200000e+01 1.792903e+02
7.350000e+01 1.791110e+02
7.500000e+01 1.789319e+02
7.650000e+01 1.787530e+02
7.800000e+01 1.785385e+02
7.950000e+01 1.783599e+02
8.100000e+01 1.781459e+02
8.250000e+01 1.779321e+02
8.400000e+01 1.777542e+02
8.550000e+01 1.775409e+02
8.700000e+01 1.773278e+02
8.850000e+01 1.770796e+02
9.000000e+01 1.768671e+02
9.150000e+01 1.766548e+02
9.300000e+01 1.764075e+02
9.450000e+01 1.761606e+02
9.600000e+01 1.759492e+02
9.750000e+01 1.757028e+02
9.900000e+01 1.754569e+02
1.005000e+02 1.752112e+02
1.020000e+02 1.749309e+02
1.035000e+02 1.746860e+02
1.050000e+02 1.744065e+02
1.065000e+02 1.741623e+02
1.080000e+02 1.738836e+02
1.095000e+02 1.736054e+02
1.110000e+02 1.733277e+02
1.125000e+02 1.730157e+02
1.140000e+02 1.727389e+02
1.155000e+02 1.724625e+02
1.170000e+02 1.721520e+02
1.185000e+02 1.718422e+02
1.200000e+02 1.715328e+02
1.215000e+02 1.712241e+02
1.230000e+02 1.709159e+02
1.245000e+02 1.706082e+02
1.260000e+02 1.702670e+02
1.275000e+02 1.699605e+02
1.290000e+02 1.696206e+02
1.305000e+02 1.692814e+02
1.320000e+02 1.689428e+02
1.335000e+02 1.685711e+02
1.350000e+02 1.682340e+02
1.365000e+02 1.678975e+02
1.380000e+02 1.675282e+02
1.395000e+02 1.671596e+02
1.410000e+02 1.667918e+02
1.425000e+02 1.664249e+02
1.440000e+02 1.660255e+02
1.455000e+02 1.656602e+02
1.470000e+02 1.652626e+02
1.485000e+02 1.648660e+02
1.500000e+02 1.644703e+02
1.515000e+02 1.640756e+02
1.530000e+02 1.636490e+02
1.545000e+02 1.632562e+02
1.560000e+02 1.628318e+02
1.575000e+02 1.624084e+02
1.590000e+02 1.619862e+02
1.605000e+02 1.615650e+02
1.620000e+02 1.611126e+02
1.635000e+02 1.606615e+02
1.650000e+02 1.602116e+02
1.665000e+02 1.597631e+02
1.680000e+02 1.593157e+02
1.695000e+02 1.588378e+02
1.710000e+02 1.583930e+02
1.725000e+02 1.579178e+02
1.740000e+02 1.574441e+02
1.755000e+02 1.569403e+02
1.770000e+02 1.564694e+02
1.785000e+02 1.559375e+02
1.800000e+02 1.554696e+02
1.815000e+02 1.549410e+02
1.830000e+02 1.544452e+02
1.845000e+02 1.539201e+02
1.860000e+02 1.533968e+02
1.875000e+02 1.528752e+02
1.890000e+02 1.523249e+02
1.905000e+02 1.518070e+02
1.920000e+02 1.512605e+02
1.935000e+02 1.506857e+02
1.950000e+02 1.501432e+02
1.965000e+02 1.495727e+02
1.980000e+02 1.490043e+02
1.995000e+02 1.484381e+02
2.010000e+02 1.478443e+02
2.025000e+02 1.472530e+02
2.040000e+02 1.466639e+02
2.055000e+02 1.460480e+02
2.070000e+02 1.454346e+02
2.085000e+02 1.448237e+02
2.100000e+02 1.442155e+02
2.115000e+02 1.435809e+02
2.130000e+02 1.429492e+02
2.145000e+02 1.422916e+02
2.160000e+02 1.416655e+02
2.175000e+02 1.410139e+02
2.190000e+02 1.403370e+02
2.205000e+02 1.396634e+02
2.220000e+02 1.389930e+02
2.235000e+02 1.382980e+02
2.250000e+02 1.376065e+02
2.265000e+02 1.369185e+02
2.280000e+02 1.362065e+02
2.295000e+02 1.354982e+02
2.310000e+02 1.347666e+02
2.325000e+02 1.340388e+02
2.340000e+02 1.333150e+02
2.355000e+02 1.325684e+02
2.370000e+02 1.317995e+02
2.385000e+02 1.310351e+02
2.400000e+02 1.302751e+02
2.415000e+02 1.294935e+02
2.430000e+02 1.287165e+02
2.445000e+02 1.279185e+02
2.460000e+02 1.270998e+02
2.475000e+02 1.262863e+02
2.490000e+02 1.254781e+02
2.505000e+02 1.246499e+02
2.520000e+02 1.238023e+02
2.535000e+02 1.229605e+02
2.550000e+02 1.220997e+02
2.565000e+02 1.212206e+02
2.580000e+02 1.203478e+02
2.595000e+02 1.194573e+02
2.610000e+02 1.185494e+02
2.625000e+02 1.176484e+02
2.640000e+02 1.167308e+02
2.655000e+02 1.157969e+02
2.670000e+02 1.148474e+02
2.685000e+02 1.139056e+02
2.700000e+02 1.129260e+02
2.715000e+02 1.119549e+02
2.730000e+02 1.109697e+02
2.745000e+02 1.099709e+02
2.760000e+02 1.089592e+02
2.775000e+02 1.079350e+02
2.790000e+02 1.068988e+02
2.805000e+02 1.058512e+02
2.820000e+02 1.047927e+02
2.835000e+02 1.037029e+02
2.850000e+02 1.026243e+02
2.865000e+02 1.015160e+02
2.880000e+02 1.003790e+02
2.895000e+02 9.925478e+01
2.910000e+02 9.810342e+01
2.925000e+02 9.692618e+01
2.940000e+02 9.574368e+01
2.955000e+02 9.455646e+01
2.970000e+02 9.332723e+01
2.985000e+02 9.209531e+01
3.000000e+02 9.083620e+01
3.004000e+02 9.050919e+01
3.008000e+02 9.016525e+01
3.012000e+02 8.982263e+01
3.016000e+02 8.948130e+01
3.020000e+02 8.914127e+01
3.024000e+02 8.878471e+01
3.028000e+02 8.844732e+01
3.032000e+02 8.809354e+01
3.036000e+02 8.774116e+01
3.040000e+02 8.739020e+01
3.044000e+02 8.704064e+01
3.048000e+02 8.669247e+01
3.052000e+02 8.632837e+01
3.056000e+02 8.596579e+01
3.060000e+02 8.560473e+01
3.064000e+02 8.524519e+01
3.068000e+02 8.488716e+01
3.072000e+02 8.453063e+01
3.076000e+02 8.415870e+01
3.080000e+02 8.378840e+01
3.084000e+02 8.341973e+01
3.088000e+02 8.305269e+01
3.092000e+02 8.267064e+01
3.096000e+02 8.230689e+01
3.100000e+02 8.192828e+01
3.104000e+02 8.155141e+01
3.108000e+02 8.115996e+01
3.112000e+02 8.078663e+01
3.116000e+02 8.039885e+01
3.120000e+02 8.001294e+01
3.124000e+02 7.962888e+01
3.128000e+02 7.923073e+01
3.132000e+02 7.885042e+01
3.136000e+02 7.845617e+01
3.140000e+02 7.804820e+01
3.144000e+02 7.765796e+01
3.148000e+02 7.725414e+01
3.152000e+02 7.685242e+01
3.156000e+02 7.645278e+01
3.160000e+02 7.603994e+01
3.164000e+02 7.562932e+01
3.168000e+02 7.522092e+01
3.172000e+02 7.479969e+01
3.176000e+02 7.438081e+01
3.180000e+02 7.396428e+01
3.184000e+02 7.355008e+01
3.188000e+02 7.312349e+01
3.192000e+02 7.268474e+01
3.196000e+02 7.226317e+01
3.200000e+02 7.182959e+01
3.204000e+02 7.139862e+01
3.208000e+02 7.095594e+01
3.212000e+02 7.051602e+01
3.216000e+02 7.006472e+01
3.220000e+02 6.961630e+01
3.224000e+02 6.917076e+01
3.228000e+02 6.871423e+01
3.232000e+02 6.826072e+01
3.236000e+02 6.779654e+01
3.240000e+02 6.733553e+01
3.244000e+02 6.687765e+01
3.248000e+02 6.639613e+01
3.252000e+02 6.593135e+01
3.256000e+02 6.545665e+01
3.260000e+02 6.497227e+01
3.264000e+02 6.447848e+01
3.268000e+02 6.400134e+01
3.272000e+02 6.350213e+01
3.276000e+02 6.300681e+01
3.280000e+02 6.250276e+01
3.284000e+02 6.200273e+01
3.288000e+02 6.149431e+01
3.292000e+02 6.097776e+01
3.296000e+02 6.046555e+01
3.300000e+02 5.994554e+01
3.304000e+02 5.941802e+01
3.308000e+02 5.888326e+01
3.312000e+02 5.835331e+01
3.316000e+02 5.781646e+01
3.320000e+02 5.727299e+01
3.324000e+02 5.672316e+01
3.328000e+02 5.617862e+01
3.332000e+02 5.561684e+01
3.336000e+02 5.504954e+01
3.340000e+02 5.448804e+01
3.344000e+02 5.391047e+01
3.348000e+02 5.332823e+01
3.352000e+02 5.274162e+01
3.356000e+02 5.215092e+01
3.360000e+02 5.155640e+01
3.364000e+02 5.094803e+01
3.368000e+02 5.033665e+01
3.372000e+02 4.971248e+01
3.376000e+02 4.908610e+01
3.380000e+02 4.844798e+01
3.384000e+02 4.780847e+01
3.388000e+02 4.715827e+01
3.392000e+02 4.649806e+01
3.396000e+02 4.582849e+01
3.400000e+02 4.514106e+01
3.400000e+02 4.514137e+01
3.402000e+02 4.483862e+01
3.404000e+02 4.449023e+01
3.406000e+02 4.414533e+01
3.408000e+02 4.375632e+01
3.410000e+02 4.341875e+01
3.412000e+02 4.303780e+01
3.414000e+02 4.270743e+01
3.416000e+02 4.233437e+01
3.418000e+02 4.196546e+01
3.420000e+02 4.160065e+01
3.422000e+02 4.123988e+01
3.424000e+02 4.083875e+01
3.426000e+02 4.048644e+01
3.428000e+02 4.009451e+01
3.430000e+02 3.970735e+01
3.432000e+02 3.928225e+01
3.434000e+02 3.890500e+01
3.436000e+02 3.849057e+01
3.438000e+02 3.812298e+01
3.440000e+02 3.767801e+01
3.442000e+02 3.727989e+01
3.444000e+02 3.684706e+01
3.446000e+02 3.646000e+01
3.448000e+02 3.599987e+01
3.450000e+02 3.558547e+01
3.452000e+02 3.513889e+01
3.454000e+02 3.469924e+01
3.456000e+02 3.422923e+01
3.458000e+02 3.380368e+01
3.460000e+02 3.331236e+01
3.462000e+02 3.286537e+01
3.464000e+02 3.239065e+01
3.466000e+02 3.188971e+01
3.468000e+02 3.139818e+01
3.470000e+02 3.091590e+01
3.472000e+02 3.040967e+01
3.474000e+02 2.988107e+01
3.476000e+02 2.933170e+01
3.478000e+02 2.879446e+01
3.480000e+02 2.826911e+01
3.482000e+02 2.769517e+01
3.484000e+02 2.713518e+01
3.486000e+02 2.653109e+01
3.488000e+02 2.594302e+01
3.490000e+02 2.531545e+01
3.492000e+02 2.470590e+01
3.494000e+02 2.406149e+01
3.496000e+02 2.338605e+01
3.498000e+02 2.268353e+01
3.500000e+02 2.198185e+01
3.502000e+02 2.125935e+01
3.504000e+02 2.047519e+01
3.506000e+02 1.968172e+01
3.508000e+02 1.886215e+01
3.510000e+02 1.798360e+01
3.512000e+02 1.707735e+01
3.514000e+02 1.609954e+01
3.516000e+02 1.506939e+01
3.518000e+02 1.395951e+01
3.520000e+02 1.274277e+01
3.522000e+02 1.138760e+01
3.524000e+02 9.863772e+00
3.526000e+02 8.042856e+00
3.528000e+02 5.653355e+00
3.530000e+02 0.000000e+00
