0.000000e+00 9.240000e+01
4.000000e-01 9.240000e+01
8.000000e-01 9.240000e+01
1.200000e+00 9.240000e+01
1.600000e+00 9.240000e+01
2.000000e+00 9.240000e+01
2.400000e+00 9.240000e+01
2.800000e+00 9.240000e+01
3.200000e+00 9.240000e+01
3.600000e+00 9.240000e+01
4.000000e+00 9.240000e+01
4.400000e+00 9.240000e+01
4.800000e+00 9.240000e+01
5.200000e+00 9.240000e+01
5.600000e+00 9.240000e+01
6.000000e+00 9.240000e+01
6.400000e+00 9.240000e+01
6.800000e+00 9.240000e+01
7.200000e+00 9.240000e+01
7.600000e+00 9.240000e+01
8.000000e+00 9.240000e+01
8.400000e+00 9.240000e+01
8.800000e+00 9.240000e+01
9.200000e+00 9.240000e+01
9.600000e+00 9.240000e+01
1.000000e+01 9.240000e+01
1.040000e+01 9.240000e+01
1.080000e+01 9.240000e+01
1.120000e+01 9.240000e+01
1.160000e+01 9.240000e+01
1.200000e+01 9.240000e+01
1.240000e+01 9.240000e+01
1.280000e+01 9.240000e+01
1.320000e+01 9.240000e+01
1.360000e+01 9.240000e+01
1.400000e+01 9.240000e+01
1.440000e+01 9.240000e+01
1.480000e+01 9.240000e+01
1.520000e+01 9.240000e+01
1.560000e+01 9.240000e+01
1.600000e+01 9.240000e+01
1.640000e+01 9.240000e+01
1.680000e+01 9.240000e+01
1.720000e+01 9.240000e+01
1.760000e+01 9.240000e+01
1.800000e+01 9.240000e+01
1.840000e+01 9.240000e+01
1.880000e+01 9.240000e+01
1.920000e+01 9.240000e+01
1.960000e+01 9.240000e+01
2.000000e+01 9.240000e+01
2.040000e+01 9.240000e+01
2.080000e+01 9.239999e+01
2.120000e+01 9.239999e+01
2.160000e+01 9.239999e+01
2.200000e+01 9.239999e+01
2.240000e+01 9.239998e+01
2.280000e+01 9.239998e+01
2.320000e+01 9.239997e+01
2.360000e+01 9.239996e+01
2.400000e+01 9.239995e+01
2.440000e+01 9.239993e+01
2.480000e+01 9.239992e+01
2.520000e+01 9.239990e+01
2.560000e+01 9.239987e+01
2.600000e+01 9.239985e+01
2.640000e+01 9.239981e+01
2.680000e+01 9.239977e+01
2.720000e+01 9.239973e+01
2.760000e+01 9.239967e+01
2.800000e+01 9.239961e+01
2.840000e+01 9.239953e+01
2.880000e+01 9.239945e+01
2.920000e+01 9.239935e+01
2.960000e+01 9.239924e+01
3.000000e+01 9.239911e+01
3.040000e+01 9.239896e+01
3.080000e+01 9.239880e+01
3.120000e+01 9.239861e+01
3.160000e+01 9.239840e+01
3.200000e+01 9.239816e+01
3.240000e+01 9.239789e+01
3.280000e+01 9.239759e+01
3.320000e+01 9.239726e+01
3.360000e+01 9.239689e+01
3.400000e+01 9.239649e+01
3.440000e+01 9.239603e+01
3.480000e+01 9.239553e+01
3.520000e+01 9.239499e+01
3.560000e+01 9.239438e+01
3.600000e+01 9.239372e+01
3.640000e+01 9.239300e+01
3.680000e+01 9.239221e+01
3.720000e+01 9.239135e+01
3.760000e+01 9.239041e+01
3.800000e+01 9.238940e+01
3.840000e+01 9.238829e+01
3.880000e+01 9.238710e+01
3.920000e+01 9.238581e+01
3.960000e+01 9.238442e+01
4.000000e+01 9.238293e+01
4.040000e+01 9.238132e+01
4.080000e+01 9.237959e+01
4.120000e+01 9.237773e+01
4.160000e+01 9.237574e+01
4.200000e+01 9.237361e+01
4.240000e+01 9.237134e+01
4.280000e+01 9.236892e+01
4.320000e+01 9.236633e+01
4.360000e+01 9.236358e+01
4.400000e+01 9.236065e+01
4.440000e+01 9.235754e+01
4.480000e+01 9.235424e+01
4.520000e+01 9.235074e+01
4.560000e+01 9.234703e+01
4.600000e+01 9.234311e+01
4.640000e+01 9.233896e+01
4.680000e+01 9.233458e+01
4.720000e+01 9.232996e+01
4.760000e+01 9.232509e+01
4.800000e+01 9.231995e+01
4.840000e+01 9.231455e+01
4.880000e+01 9.230887e+01
4.920000e+01 9.230289e+01
4.960000e+01 9.229662e+01
5.000000e+01 9.229004e+01
5.040000e+01 9.228314e+01
5.080000e+01 9.227591e+01
5.120000e+01 9.226834e+01
5.160000e+01 9.226042e+01
5.200000e+01 9.225213e+01
5.240000e+01 9.224348e+01
5.280000e+01 9.223443e+01
5.320000e+01 9.222499e+01
5.360000e+01 9.221515e+01
5.400000e+01 9.220488e+01
5.440000e+01 9.219419e+01
5.480000e+01 9.218305e+01
5.520000e+01 9.217145e+01
5.560000e+01 9.215939e+01
5.600000e+01 9.214684e+01
5.640000e+01 9.213381e+01
5.680000e+01 9.212027e+01
5.720000e+01 9.210620e+01
5.760000e+01 9.209161e+01
5.800000e+01 9.207648e+01
5.840000e+01 9.206078e+01
5.880000e+01 9.204451e+01
5.920000e+01 9.202766e+01
5.960000e+01 9.201021e+01
6.000000e+01 9.199214e+01
6.040000e+01 9.197344e+01
6.080000e+01 9.195411e+01
6.120000e+01 9.193411e+01
6.160000e+01 9.191345e+01
6.200000e+01 9.189209e+01
6.240000e+01 9.187004e+01
6.280000e+01 9.184726e+01
6.320000e+01 9.182376e+01
6.360000e+01 9.179950e+01
6.400000e+01 9.177448e+01
6.440000e+01 9.174868e+01
6.480000e+01 9.172208e+01
6.520000e+01 9.169467e+01
6.560000e+01 9.166643e+01
6.600000e+01 9.163734e+01
6.640000e+01 9.160739e+01
6.680000e+01 9.157655e+01
6.720000e+01 9.154482e+01
6.760000e+01 9.151217e+01
6.800000e+01 9.147858e+01
6.840000e+01 9.144404e+01
6.880000e+01 9.140852e+01
6.920000e+01 9.137201e+01
6.960000e+01 9.133450e+01
7.000000e+01 9.129595e+01
7.040000e+01 9.125635e+01
7.080000e+01 9.121568e+01
7.120000e+01 9.117392e+01
7.160000e+01 9.113105e+01
7.200000e+01 9.108705e+01
7.240000e+01 9.104189e+01
7.280000e+01 9.099556e+01
7.320000e+01 9.094804e+01
7.360000e+01 9.089929e+01
7.400000e+01 9.084930e+01
7.440000e+01 9.079804e+01
7.480000e+01 9.074550e+01
7.520000e+01 9.069164e+01
7.560000e+01 9.063644e+01
7.600000e+01 9.057989e+01
7.640000e+01 9.052194e+01
7.680000e+01 9.046258e+01
7.720000e+01 9.040178e+01
7.760000e+01 9.033952e+01
7.800000e+01 9.027576e+01
7.840000e+01 9.021047e+01
7.880000e+01 9.014364e+01
7.920000e+01 9.007523e+01
7.960000e+01 9.000521e+01
8.000000e+01 8.993355e+01
8.040000e+01 8.986022e+01
8.080000e+01 8.978519e+01
8.120000e+01 8.970842e+01
8.160000e+01 8.962989e+01
8.200000e+01 8.954955e+01
8.240000e+01 8.946738e+01
8.280000e+01 8.938334e+01
8.320000e+01 8.929740e+01
8.360000e+01 8.920950e+01
8.400000e+01 8.911963e+01
8.440000e+01 8.902773e+01
8.480000e+01 8.893377e+01
8.520000e+01 8.883771e+01
8.560000e+01 8.873950e+01
8.600000e+01 8.863911e+01
8.640000e+01 8.853648e+01
8.680000e+01 8.843157e+01
8.720000e+01 8.832434e+01
8.760000e+01 8.821473e+01
8.800000e+01 8.810270e+01
8.840000e+01 8.798819e+01
8.880000e+01 8.787116e+01
8.920000e+01 8.775154e+01
8.960000e+01 8.762928e+01
9.000000e+01 8.750433e+01
9.040000e+01 8.737662e+01
9.080000e+01 8.724609e+01
9.120000e+01 8.711267e+01
9.160000e+01 8.697631e+01
9.200000e+01 8.683694e+01
9.240000e+01 8.669447e+01
9.280000e+01 8.654884e+01
9.320000e+01 8.639998e+01
9.360000e+01 8.624780e+01
9.400000e+01 8.609223e+01
9.440000e+01 8.593317e+01
9.480000e+01 8.577055e+01
9.520000e+01 8.560426e+01
9.560000e+01 8.543421e+01
9.600000e+01 8.526032e+01
9.640000e+01 8.508246e+01
9.680000e+01 8.490054e+01
9.720000e+01 8.471443e+01
9.760000e+01 8.452404e+01
9.800000e+01 8.432922e+01
9.840000e+01 8.412986e+01
9.880000e+01 8.392582e+01
9.920000e+01 8.371696e+01
9.960000e+01 8.350313e+01
1.000000e+02 8.328418e+01
1.004000e+02 8.305994e+01
1.008000e+02 8.283025e+01
1.012000e+02 8.259492e+01
1.016000e+02 8.235377e+01
1.020000e+02 8.210659e+01
1.024000e+02 8.185317e+01
1.028000e+02 8.159330e+01
1.032000e+02 8.132672e+01
1.036000e+02 8.105320e+01
1.040000e+02 8.077246e+01
1.044000e+02 8.048422e+01
1.048000e+02 8.018818e+01
1.052000e+02 7.988402e+01
1.056000e+02 7.957138e+01
1.060000e+02 7.924990e+01
1.064000e+02 7.891919e+01
1.068000e+02 7.857881e+01
1.072000e+02 7.822831e+01
1.076000e+02 7.786719e+01
1.080000e+02 7.749491e+01
1.084000e+02 7.711090e+01
1.088000e+02 7.671452e+01
1.092000e+02 7.630508e+01
1.096000e+02 7.588182e+01
1.100000e+02 7.544391e+01
1.104000e+02 7.499045e+01
1.108000e+02 7.452042e+01
1.112000e+02 7.403271e+01
1.116000e+02 7.352606e+01
1.120000e+02 7.299909e+01
1.124000e+02 7.245022e+01
1.128000e+02 7.187769e+01
1.132000e+02 7.127947e+01
1.136000e+02 7.065325e+01
1.140000e+02 6.999638e+01
1.144000e+02 6.930577e+01
1.148000e+02 6.857779e+01
1.152000e+02 6.780816e+01
1.156000e+02 6.699176e+01
1.160000e+02 6.612240e+01
1.164000e+02 6.519247e+01
1.168000e+02 6.419250e+01
1.172000e+02 6.311049e+01
1.176000e+02 6.193085e+01
1.180000e+02 6.063297e+01
1.184000e+02 5.918873e+01
1.188000e+02 5.755866e+01
1.192000e+02 5.568565e+01
1.196000e+02 5.348525e+01
1.200000e+02 5.083581e+01
1.204000e+02 4.760099e+01
1.208000e+02 4.382175e+01
1.212000e+02 4.005460e+01
1.216000e+02 3.691415e+01
1.220000e+02 3.445750e+01
1.224000e+02 3.250789e+01
1.228000e+02 3.091147e+01
1.232000e+02 2.956630e+01
1.236000e+02 2.840644e+01
1.240000e+02 2.738804e+01
1.244000e+02 2.648086e+01
1.248000e+02 2.566332e+01
1.252000e+02 2.491952e+01
1.256000e+02 2.423743e+01
1.260000e+02 2.360777e+01
1.264000e+02 2.302318e+01
1.268000e+02 2.247779e+01
1.272000e+02 2.196678e+01
1.276000e+02 2.148620e+01
1.280000e+02 2.103273e+01
1.284000e+02 2.060359e+01
1.288000e+02 2.019639e+01
1.292000e+02 1.980909e+01
1.296000e+02 1.943992e+01
1.300000e+02 1.908735e+01
1.304000e+02 1.875002e+01
1.308000e+02 1.842674e+01
1.312000e+02 1.811646e+01
1.316000e+02 1.781824e+01
1.320000e+02 1.753123e+01
1.324000e+02 1.725468e+01
1.328000e+02 1.698792e+01
1.332000e+02 1.673032e+01
1.336000e+02 1.648133e+01
1.340000e+02 1.624044e+01
1.344000e+02 1.600718e+01
1.348000e+02 1.578112e+01
1.352000e+02 1.556188e+01
1.356000e+02 1.534910e+01
1.360000e+02 1.514244e+01
1.364000e+02 1.494159e+01
1.368000e+02 1.474628e+01
1.372000e+02 1.455624e+01
1.376000e+02 1.437121e+01
1.380000e+02 1.419098e+01
1.384000e+02 1.401533e+01
1.388000e+02 1.384406e+01
1.392000e+02 1.367698e+01
1.396000e+02 1.351392e+01
1.400000e+02 1.335472e+01
1.404000e+02 1.319921e+01
1.408000e+02 1.304726e+01
1.412000e+02 1.289872e+01
1.416000e+02 1.275347e+01
1.420000e+02 1.261138e+01
1.424000e+02 1.247234e+01
1.428000e+02 1.233624e+01
1.432000e+02 1.220297e+01
1.436000e+02 1.207245e+01
1.440000e+02 1.194456e+01
1.444000e+02 1.181923e+01
1.448000e+02 1.169637e+01
1.452000e+02 1.157590e+01
1.456000e+02 1.145775e+01
1.460000e+02 1.134183e+01
1.464000e+02 1.122809e+01
1.468000e+02 1.111645e+01
1.472000e+02 1.100685e+01
1.476000e+02 1.089923e+01
1.480000e+02 1.079353e+01
1.484000e+02 1.068970e+01
1.488000e+02 1.058768e+01
1.492000e+02 1.048742e+01
1.496000e+02 1.038887e+01
1.500000e+02 1.029199e+01
1.504000e+02 1.019673e+01
1.508000e+02 1.010305e+01
1.512000e+02 1.001090e+01
1.516000e+02 9.920248e+00
1.520000e+02 9.831051e+00
1.524000e+02 9.743272e+00
1.528000e+02 9.656877e+00
1.532000e+02 9.571831e+00
1.536000e+02 9.488100e+00
1.540000e+02 9.405653e+00
1.544000e+02 9.324457e+00
1.548000e+02 9.244484e+00
1.552000e+02 9.165704e+00
1.556000e+02 9.088090e+00
1.560000e+02 9.011614e+00
1.564000e+02 8.936250e+00
1.568000e+02 8.861974e+00
1.572000e+02 8.788761e+00
1.576000e+02 8.716587e+00
1.580000e+02 8.645429e+00
1.584000e+02 8.575265e+00
1.588000e+02 8.506073e+00
1.592000e+02 8.437834e+00
1.596000e+02 8.370526e+00
1.600000e+02 8.304130e+00
1.604000e+02 8.238627e+00
1.608000e+02 8.173999e+00
1.612000e+02 8.110227e+00
1.616000e+02 8.047295e+00
1.620000e+02 7.985186e+00
1.624000e+02 7.923882e+00
1.628000e+02 7.863369e+00
1.632000e+02 7.803630e+00
1.636000e+02 7.744652e+00
1.640000e+02 7.686418e+00
1.644000e+02 7.628915e+00
1.648000e+02 7.572128e+00
1.652000e+02 7.516046e+00
1.656000e+02 7.460653e+00
1.660000e+02 7.405939e+00
1.664000e+02 7.351889e+00
1.668000e+02 7.298492e+00
1.672000e+02 7.245736e+00
1.676000e+02 7.193610e+00
1.680000e+02 7.142103e+00
1.684000e+02 7.091203e+00
1.688000e+02 7.040900e+00
1.692000e+02 6.991183e+00
1.696000e+02 6.942042e+00
1.700000e+02 6.893468e+00
1.704000e+02 6.845450e+00
1.708000e+02 6.797980e+00
1.712000e+02 6.751048e+00
1.716000e+02 6.704644e+00
1.720000e+02 6.658761e+00
1.724000e+02 6.613390e+00
1.728000e+02 6.568522e+00
1.732000e+02 6.524149e+00
1.736000e+02 6.480263e+00
1.740000e+02 6.436856e+00
1.744000e+02 6.393922e+00
1.748000e+02 6.351451e+00
1.752000e+02 6.309437e+00
1.756000e+02 6.267872e+00
1.760000e+02 6.226751e+00
1.764000e+02 6.186065e+00
1.768000e+02 6.145809e+00
1.772000e+02 6.105974e+00
1.776000e+02 6.066557e+00
1.780000e+02 6.027549e+00
1.784000e+02 5.988945e+00
1.788000e+02 5.950738e+00
1.792000e+02 5.912923e+00
1.796000e+02 5.875495e+00
1.800000e+02 5.838447e+00
1.804000e+02 5.801773e+00
1.808000e+02 5.765470e+00
1.812000e+02 5.729530e+00
1.816000e+02 5.693949e+00
1.820000e+02 5.658722e+00
1.824000e+02 5.623844e+00
1.828000e+02 5.589309e+00
1.832000e+02 5.555114e+00
1.836000e+02 5.521253e+00
1.840000e+02 5.487722e+00
1.844000e+02 5.454516e+00
1.848000e+02 5.421630e+00
1.852000e+02 5.389061e+00
1.856000e+02 5.356804e+00
1.860000e+02 5.324855e+00
1.864000e+02 5.293210e+00
1.868000e+02 5.261864e+00
1.872000e+02 5.230814e+00
1.876000e+02 5.200055e+00
1.880000e+02 5.169585e+00
1.884000e+02 5.139399e+00
1.888000e+02 5.109493e+00
1.892000e+02 5.079864e+00
1.896000e+02 5.050508e+00
1.900000e+02 5.021422e+00
1.904000e+02 4.992603e+00
1.908000e+02 4.964046e+00
1.912000e+02 4.935749e+00
1.916000e+02 4.907709e+00
1.920000e+02 4.879921e+00
1.924000e+02 4.852384e+00
1.928000e+02 4.825093e+00
1.932000e+02 4.798046e+00
1.936000e+02 4.771241e+00
1.940000e+02 4.744673e+00
1.944000e+02 4.718340e+00
1.948000e+02 4.692239e+00
1.952000e+02 4.666368e+00
1.956000e+02 4.640723e+00
1.960000e+02 4.615302e+00
1.964000e+02 4.590103e+00
1.968000e+02 4.565122e+00
1.972000e+02 4.540357e+00
1.976000e+02 4.515806e+00
1.980000e+02 4.491465e+00
1.984000e+02 4.467334e+00
1.988000e+02 4.443408e+00
1.992000e+02 4.419686e+00
1.996000e+02 4.396166e+00
2.000000e+02 4.372845e+00
2.004000e+02 4.349721e+00
2.008000e+02 4.326791e+00
2.012000e+02 4.304054e+00
2.016000e+02 4.281507e+00
2.020000e+02 4.259148e+00
2.024000e+02 4.236975e+00
2.028000e+02 4.214986e+00
2.032000e+02 4.193180e+00
2.036000e+02 4.171553e+00
2.040000e+02 4.150104e+00
2.044000e+02 4.128831e+00
2.048000e+02 4.107732e+00
2.052000e+02 4.086805e+00
2.056000e+02 4.066049e+00
2.060000e+02 4.045461e+00
2.064000e+02 4.025040e+00
2.068000e+02 4.004784e+00
2.072000e+02 3.984691e+00
2.076000e+02 3.964759e+00
2.080000e+02 3.944987e+00
2.084000e+02 3.925373e+00
2.088000e+02 3.905916e+00
2.092000e+02 3.886613e+00
2.096000e+02 3.867464e+00
2.100000e+02 3.848466e+00
2.104000e+02 3.829618e+00
2.108000e+02 3.810918e+00
2.112000e+02 3.792365e+00
2.116000e+02 3.773958e+00
2.120000e+02 3.755695e+00
2.124000e+02 3.737574e+00
2.128000e+02 3.719594e+00
2.132000e+02 3.701753e+00
2.136000e+02 3.684051e+00
2.140000e+02 3.666486e+00
2.144000e+02 3.649056e+00
2.148000e+02 3.631760e+00
2.152000e+02 3.614597e+00
2.156000e+02 3.597565e+00
2.160000e+02 3.580663e+00
2.164000e+02 3.563890e+00
2.168000e+02 3.547245e+00
2.172000e+02 3.530726e+00
2.176000e+02 3.514332e+00
2.180000e+02 3.498062e+00
2.184000e+02 3.481915e+00
2.188000e+02 3.465889e+00
2.192000e+02 3.449983e+00
2.196000e+02 3.434197e+00
2.200000e+02 3.418529e+00
2.204000e+02 3.402977e+00
2.208000e+02 3.387541e+00
2.212000e+02 3.372220e+00
2.216000e+02 3.357012e+00
2.220000e+02 3.341917e+00
2.224000e+02 3.326933e+00
2.228000e+02 3.312060e+00
2.232000e+02 3.297296e+00
2.236000e+02 3.282640e+00
2.240000e+02 3.268091e+00
2.244000e+02 3.253649e+00
2.248000e+02 3.239312e+00
2.252000e+02 3.225079e+00
2.256000e+02 3.210950e+00
2.260000e+02 3.196922e+00
2.264000e+02 3.182997e+00
2.268000e+02 3.169172e+00
2.272000e+02 3.155446e+00
2.276000e+02 3.141819e+00
2.280000e+02 3.128290e+00
2.284000e+02 3.114857e+00
2.288000e+02 3.101521e+00
2.292000e+02 3.088279e+00
2.296000e+02 3.075132e+00
2.300000e+02 3.062078e+00
2.304000e+02 3.049117e+00
2.308000e+02 3.036247e+00
2.312000e+02 3.023468e+00
2.316000e+02 3.010780e+00
2.320000e+02 2.998180e+00
2.324000e+02 2.985669e+00
2.328000e+02 2.973245e+00
2.332000e+02 2.960908e+00
2.336000e+02 2.948657e+00
2.340000e+02 2.936492e+00
2.344000e+02 2.924411e+00
2.348000e+02 2.912414e+00
2.352000e+02 2.900499e+00
2.356000e+02 2.888667e+00
2.360000e+02 2.876917e+00
2.364000e+02 2.865247e+00
2.368000e+02 2.853658e+00
2.372000e+02 2.842148e+00
2.376000e+02 2.830716e+00
2.380000e+02 2.819363e+00
2.384000e+02 2.808087e+00
2.388000e+02 2.796887e+00
2.392000e+02 2.785763e+00
2.396000e+02 2.774715e+00
2.400000e+02 2.763741e+00
2.404000e+02 2.752842e+00
2.408000e+02 2.742015e+00
2.412000e+02 2.731261e+00
2.416000e+02 2.720580e+00
2.420000e+02 2.709969e+00
2.424000e+02 2.699430e+00
2.428000e+02 2.688961e+00
2.432000e+02 2.678561e+00
2.436000e+02 2.668230e+00
2.440000e+02 2.657968e+00
2.444000e+02 2.647773e+00
2.448000e+02 2.637645e+00
2.452000e+02 2.627584e+00
2.456000e+02 2.617590e+00
2.460000e+02 2.607660e+00
2.464000e+02 2.597795e+00
2.468000e+02 2.587995e+00
2.472000e+02 2.578259e+00
2.476000e+02 2.568585e+00
2.480000e+02 2.558975e+00
2.484000e+02 2.549426e+00
2.488000e+02 2.539939e+00
2.492000e+02 2.530514e+00
2.496000e+02 2.521148e+00
2.500000e+02 2.511843e+00
2.504000e+02 2.502597e+00
2.508000e+02 2.493411e+00
2.512000e+02 2.484283e+00
2.516000e+02 2.475212e+00
2.520000e+02 2.466200e+00
2.524000e+02 2.457244e+00
2.528000e+02 2.448345e+00
2.532000e+02 2.439502e+00
2.536000e+02 2.430714e+00
2.540000e+02 2.421982e+00
2.544000e+02 2.413304e+00
2.548000e+02 2.404680e+00
2.552000e+02 2.396110e+00
2.556000e+02 2.387593e+00
2.560000e+02 2.379129e+00
2.564000e+02 2.370718e+00
2.568000e+02 2.362358e+00
2.572000e+02 2.354050e+00
2.576000e+02 2.345793e+00
2.580000e+02 2.337586e+00
2.584000e+02 2.329430e+00
2.588000e+02 2.321323e+00
2.592000e+02 2.313266e+00
2.596000e+02 2.305258e+00
2.600000e+02 2.297298e+00
2.604000e+02 2.289386e+00
2.608000e+02 2.281522e+00
2.612000e+02 2.273705e+00
2.616000e+02 2.265936e+00
2.620000e+02 2.258212e+00
2.624000e+02 2.250535e+00
2.628000e+02 2.242904e+00
2.632000e+02 2.235318e+00
2.636000e+02 2.227777e+00
2.640000e+02 2.220280e+00
2.644000e+02 2.212828e+00
2.648000e+02 2.205420e+00
2.652000e+02 2.198055e+00
2.656000e+02 2.190733e+00
2.660000e+02 2.183455e+00
2.664000e+02 2.176218e+00
2.668000e+02 2.169024e+00
2.672000e+02 2.161871e+00
2.676000e+02 2.154760e+00
2.680000e+02 2.147690e+00
2.684000e+02 2.140661e+00
2.688000e+02 2.133672e+00
2.692000e+02 2.126723e+00
2.696000e+02 2.119814e+00
2.700000e+02 2.112944e+00
2.704000e+02 2.106113e+00
2.708000e+02 2.099321e+00
2.712000e+02 2.092568e+00
2.716000e+02 2.085853e+00
2.720000e+02 2.079175e+00
2.724000e+02 2.072535e+00
2.728000e+02 2.065932e+00
2.732000e+02 2.059367e+00
2.736000e+02 2.052837e+00
2.740000e+02 2.046345e+00
2.744000e+02 2.039888e+00
2.748000e+02 2.033467e+00
2.752000e+02 2.027081e+00
2.756000e+02 2.020731e+00
2.760000e+02 2.014415e+00
2.764000e+02 2.008134e+00
2.768000e+02 2.001887e+00
2.772000e+02 1.995675e+00
2.776000e+02 1.989496e+00
2.780000e+02 1.983351e+00
2.784000e+02 1.977239e+00
2.788000e+02 1.971160e+00
2.792000e+02 1.965114e+00
2.796000e+02 1.959100e+00
2.800000e+02 1.953119e+00
2.804000e+02 1.947169e+00
2.808000e+02 1.941251e+00
2.812000e+02 1.935365e+00
2.816000e+02 1.929510e+00
2.820000e+02 1.923685e+00
2.824000e+02 1.917892e+00
2.828000e+02 1.912129e+00
2.832000e+02 1.906396e+00
2.836000e+02 1.900694e+00
2.840000e+02 1.895021e+00
2.844000e+02 1.889377e+00
2.848000e+02 1.883763e+00
2.852000e+02 1.878178e+00
2.856000e+02 1.872622e+00
2.860000e+02 1.867095e+00
2.864000e+02 1.861596e+00
2.868000e+02 1.856125e+00
2.872000e+02 1.850683e+00
2.876000e+02 1.845268e+00
2.880000e+02 1.839880e+00
2.884000e+02 1.834520e+00
2.888000e+02 1.829188e+00
2.892000e+02 1.823882e+00
2.896000e+02 1.818603e+00
2.900000e+02 1.813350e+00
2.904000e+02 1.808124e+00
2.908000e+02 1.802924e+00
2.912000e+02 1.797750e+00
2.916000e+02 1.792602e+00
2.920000e+02 1.787479e+00
2.924000e+02 1.782382e+00
2.928000e+02 1.777309e+00
2.932000e+02 1.772262e+00
2.936000e+02 1.767240e+00
2.940000e+02 1.762242e+00
2.944000e+02 1.757269e+00
2.948000e+02 1.752320e+00
2.952000e+02 1.747395e+00
2.956000e+02 1.742494e+00
2.960000e+02 1.737617e+00
2.964000e+02 1.732763e+00
2.968000e+02 1.727933e+00
2.972000e+02 1.723126e+00
2.976000e+02 1.718342e+00
2.980000e+02 1.713581e+00
2.984000e+02 1.708843e+00
2.988000e+02 1.704127e+00
2.992000e+02 1.699433e+00
2.996000e+02 1.694762e+00
3.000000e+02 1.690113e+00
3.004000e+02 1.685486e+00
3.008000e+02 1.680881e+00
3.012000e+02 1.676297e+00
3.016000e+02 1.671734e+00
3.020000e+02 1.667193e+00
3.024000e+02 1.662674e+00
3.028000e+02 1.658175e+00
3.032000e+02 1.653697e+00
3.036000e+02 1.649239e+00
3.040000e+02 1.644803e+00
3.044000e+02 1.640386e+00
3.048000e+02 1.635990e+00
3.052000e+02 1.631614e+00
3.056000e+02 1.627259e+00
3.060000e+02 1.622923e+00
3.064000e+02 1.618606e+00
3.068000e+02 1.614309e+00
3.072000e+02 1.610032e+00
3.076000e+02 1.605774e+00
3.080000e+02 1.601535e+00
3.084000e+02 1.597316e+00
3.088000e+02 1.593115e+00
3.092000e+02 1.588933e+00
3.096000e+02 1.584769e+00
3.100000e+02 1.580625e+00
3.104000e+02 1.576498e+00
3.108000e+02 1.572390e+00
3.112000e+02 1.568300e+00
3.116000e+02 1.564228e+00
3.120000e+02 1.560174e+00
3.124000e+02 1.556138e+00
3.128000e+02 1.552119e+00
3.132000e+02 1.548118e+00
3.136000e+02 1.544135e+00
3.140000e+02 1.540169e+00
3.144000e+02 1.536220e+00
3.148000e+02 1.532288e+00
3.152000e+02 1.528373e+00
3.156000e+02 1.524475e+00
3.160000e+02 1.520594e+00
3.164000e+02 1.516729e+00
3.168000e+02 1.512881e+00
3.172000e+02 1.509050e+00
3.176000e+02 1.505234e+00
3.180000e+02 1.501435e+00
3.184000e+02 1.497652e+00
3.188000e+02 1.493886e+00
3.192000e+02 1.490135e+00
3.196000e+02 1.486400e+00
3.200000e+02 1.482680e+00
3.204000e+02 1.478976e+00
3.208000e+02 1.475288e+00
3.212000e+02 1.471615e+00
3.216000e+02 1.467958e+00
3.220000e+02 1.464315e+00
3.224000e+02 1.460688e+00
3.228000e+02 1.457076e+00
3.232000e+02 1.453478e+00
3.236000e+02 1.449896e+00
3.240000e+02 1.446328e+00
3.244000e+02 1.442775e+00
3.248000e+02 1.439237e+00
3.252000e+02 1.435713e+00
3.256000e+02 1.432203e+00
3.260000e+02 1.428708e+00
3.264000e+02 1.425227e+00
3.268000e+02 1.421760e+00
3.272000e+02 1.418307e+00
3.276000e+02 1.414868e+00
3.280000e+02 1.411443e+00
3.284000e+02 1.408031e+00
3.288000e+02 1.404634e+00
3.292000e+02 1.401249e+00
3.296000e+02 1.397879e+00
3.300000e+02 1.394522e+00
3.304000e+02 1.391178e+00
3.308000e+02 1.387847e+00
3.312000e+02 1.384530e+00
3.316000e+02 1.381226e+00
3.320000e+02 1.377935e+00
3.324000e+02 1.374657e+00
3.328000e+02 1.371391e+00
3.332000e+02 1.368139e+00
3.336000e+02 1.364899e+00
3.340000e+02 1.361672e+00
3.344000e+02 1.358458e+00
3.348000e+02 1.355256e+00
3.352000e+02 1.352066e+00
3.356000e+02 1.348889e+00
3.360000e+02 1.345724e+00
3.364000e+02 1.342571e+00
3.368000e+02 1.339431e+00
3.372000e+02 1.336303e+00
3.376000e+02 1.333186e+00
3.380000e+02 1.330082e+00
3.384000e+02 1.326989e+00
3.388000e+02 1.323908e+00
3.392000e+02 1.320839e+00
3.396000e+02 1.317782e+00
3.400000e+02 1.314736e+00
3.404000e+02 1.311702e+00
3.408000e+02 1.308679e+00
3.412000e+02 1.305667e+00
3.416000e+02 1.302667e+00
3.420000e+02 1.299679e+00
3.424000e+02 1.296701e+00
3.428000e+02 1.293734e+00
3.432000e+02 1.290779e+00
3.436000e+02 1.287835e+00
3.440000e+02 1.284901e+00
3.444000e+02 1.281979e+00
3.448000e+02 1.279067e+00
3.452000e+02 1.276166e+00
3.456000e+02 1.273276e+00
3.460000e+02 1.270397e+00
3.464000e+02 1.267528e+00
3.468000e+02 1.264670e+00
3.472000e+02 1.261822e+00
3.476000e+02 1.258984e+00
3.480000e+02 1.256157e+00
3.484000e+02 1.253340e+00
3.488000e+02 1.250534e+00
3.492000e+02 1.247738e+00
3.496000e+02 1.244951e+00
3.500000e+02 1.242175e+00
3.504000e+02 1.239409e+00
3.508000e+02 1.236653e+00
3.512000e+02 1.233907e+00
3.516000e+02 1.231171e+00
3.520000e+02 1.228444e+00
3.524000e+02 1.225728e+00
3.528000e+02 1.223021e+00
3.532000e+02 1.220323e+00
3.536000e+02 1.217636e+00
3.540000e+02 1.214958e+00
3.544000e+02 1.212289e+00
3.548000e+02 1.209630e+00
3.552000e+02 1.206980e+00
3.556000e+02 1.204340e+00
3.560000e+02 1.201709e+00
3.564000e+02 1.199087e+00
3.568000e+02 1.196474e+00
3.572000e+02 1.193871e+00
3.576000e+02 1.191277e+00
3.580000e+02 1.188691e+00
3.584000e+02 1.186115e+00
3.588000e+02 1.183548e+00
3.592000e+02 1.180990e+00
3.596000e+02 1.178440e+00
3.600000e+02 1.175900e+00
3.604000e+02 1.173368e+00
3.608000e+02 1.170845e+00
3.612000e+02 1.168330e+00
3.616000e+02 1.165825e+00
3.620000e+02 1.163328e+00
3.624000e+02 1.160839e+00
3.628000e+02 1.158359e+00
3.632000e+02 1.155888e+00
3.636000e+02 1.153425e+00
3.640000e+02 1.150970e+00
3.644000e+02 1.148524e+00
3.648000e+02 1.146086e+00
3.652000e+02 1.143656e+00
3.656000e+02 1.141235e+00
3.660000e+02 1.138821e+00
3.664000e+02 1.136416e+00
3.668000e+02 1.134019e+00
3.672000e+02 1.131630e+00
3.676000e+02 1.129249e+00
3.680000e+02 1.126876e+00
3.684000e+02 1.124512e+00
3.688000e+02 1.122154e+00
3.692000e+02 1.119805e+00
3.696000e+02 1.117464e+00
3.700000e+02 1.115130e+00
3.704000e+02 1.112805e+00
3.708000e+02 1.110486e+00
3.712000e+02 1.108176e+00
3.716000e+02 1.105873e+00
3.720000e+02 1.103578e+00
3.724000e+02 1.101290e+00
3.728000e+02 1.099010e+00
3.732000e+02 1.096738e+00
3.736000e+02 1.094473e+00
3.740000e+02 1.092215e+00
3.744000e+02 1.089965e+00
3.748000e+02 1.087722e+00
3.752000e+02 1.085486e+00
3.756000e+02 1.083258e+00
3.760000e+02 1.081037e+00
3.764000e+02 1.078823e+00
3.768000e+02 1.076616e+00
3.772000e+02 1.074417e+00
3.776000e+02 1.072224e+00
3.780000e+02 1.070039e+00
3.784000e+02 1.067861e+00
3.788000e+02 1.065689e+00
3.792000e+02 1.063525e+00
3.796000e+02 1.061368e+00
3.800000e+02 1.059217e+00
3.804000e+02 1.057074e+00
3.808000e+02 1.054937e+00
3.812000e+02 1.052807e+00
3.816000e+02 1.050684e+00
3.820000e+02 1.048567e+00
3.824000e+02 1.046458e+00
3.828000e+02 1.044355e+00
3.832000e+02 1.042259e+00
3.836000e+02 1.040169e+00
3.840000e+02 1.038086e+00
3.844000e+02 1.036009e+00
3.848000e+02 1.033939e+00
3.852000e+02 1.031876e+00
3.856000e+02 1.029819e+00
3.860000e+02 1.027769e+00
3.864000e+02 1.025724e+00
3.868000e+02 1.023687e+00
3.872000e+02 1.021655e+00
3.876000e+02 1.019630e+00
3.880000e+02 1.017612e+00
3.884000e+02 1.015599e+00
3.888000e+02 1.013593e+00
3.892000e+02 1.011593e+00
3.896000e+02 1.009599e+00
3.900000e+02 1.007612e+00
3.904000e+02 1.005630e+00
3.908000e+02 1.003655e+00
3.912000e+02 1.001686e+00
3.916000e+02 9.997227e-01
3.920000e+02 9.977655e-01
3.924000e+02 9.958143e-01
3.928000e+02 9.938691e-01
3.932000e+02 9.919299e-01
3.936000e+02 9.899966e-01
3.940000e+02 9.880692e-01
3.944000e+02 9.861476e-01
3.948000e+02 9.842319e-01
3.952000e+02 9.823221e-01
3.956000e+02 9.804180e-01
3.960000e+02 9.785197e-01
3.964000e+02 9.766271e-01
3.968000e+02 9.747403e-01
3.972000e+02 9.728591e-01
3.976000e+02 9.709836e-01
3.980000e+02 9.691138e-01
3.984000e+02 9.672496e-01
3.988000e+02 9.653909e-01
3.992000e+02 9.635379e-01
3.996000e+02 9.616904e-01
