0.000000e+00 9.446947e+01
4.000000e-01 9.446947e+01
8.000000e-01 9.446947e+01
1.200000e+00 9.446947e+01
1.600000e+00 9.446947e+01
2.000000e+00 9.446947e+01
2.400000e+00 9.446947e+01
2.800000e+00 9.446947e+01
3.200000e+00 9.446947e+01
3.600000e+00 9.446947e+01
4.000000e+00 9.446947e+01
4.400000e+00 9.446947e+01
4.800000e+00 9.446947e+01
5.200000e+00 9.446947e+01
5.600000e+00 9.446947e+01
6.000000e+00 9.446947e+01
6.400000e+00 9.446947e+01
6.800000e+00 9.446947e+01
7.200000e+00 9.446947e+01
7.600000e+00 9.446947e+01
8.000000e+00 9.446947e+01
8.400000e+00 9.446947e+01
8.800000e+00 9.446947e+01
9.200000e+00 9.446947e+01
9.600000e+00 9.446947e+01
1.000000e+01 9.446947e+01
1.040000e+01 9.446947e+01
1.080000e+01 9.446947e+01
1.120000e+01 9.446947e+01
1.160000e+01 9.446947e+01
1.200000e+01 9.446947e+01
1.240000e+01 9.446947e+01
1.280000e+01 9.446947e+01
1.320000e+01 9.446947e+01
1.360000e+01 9.446947e+01
1.400000e+01 9.446947e+01
1.440000e+01 9.446947e+01
1.480000e+01 9.446947e+01
1.520000e+01 9.446947e+01
1.560000e+01 9.446947e+01
1.600000e+01 9.446947e+01
1.640000e+01 9.446947e+01
1.680000e+01 9.446947e+01
1.720000e+01 9.446947e+01
1.760000e+01 9.446947e+01
1.800000e+01 9.446947e+01
1.840000e+01 9.446947e+01
1.880000e+01 9.446947e+01
1.920000e+01 9.446947e+01
1.960000e+01 9.446947e+01
2.000000e+01 9.446947e+01
2.040000e+01 9.446946e+01
2.080000e+01 9.446946e+01
2.120000e+01 9.446946e+01
2.160000e+01 9.446946e+01
2.200000e+01 9.446946e+01
2.240000e+01 9.446946e+01
2.280000e+01 9.446946e+01
2.320000e+01 9.446946e+01
2.360000e+01 9.446945e+01
2.400000e+01 9.446945e+01
2.440000e+01 9.446945e+01
2.480000e+01 9.446944e+01
2.520000e+01 9.446944e+01
2.560000e+01 9.446943e+01
2.600000e+01 9.446942e+01
2.640000e+01 9.446941e+01
2.680000e+01 9.446940e+01
2.720000e+01 9.446938e+01
2.760000e+01 9.446937e+01
2.800000e+01 9.446935e+01
2.840000e+01 9.446933e+01
2.880000e+01 9.446930e+01
2.920000e+01 9.446927e+01
2.960000e+01 9.446924e+01
3.000000e+01 9.446920e+01
3.040000e+01 9.446915e+01
3.080000e+01 9.446910e+01
3.120000e+01 9.446905e+01
3.160000e+01 9.446898e+01
3.200000e+01 9.446891e+01
3.240000e+01 9.446883e+01
3.280000e+01 9.446874e+01
3.320000e+01 9.446864e+01
3.360000e+01 9.446853e+01
3.400000e+01 9.446840e+01
3.440000e+01 9.446826e+01
3.480000e+01 9.446811e+01
3.520000e+01 9.446794e+01
3.560000e+01 9.446776e+01
3.600000e+01 9.446756e+01
3.640000e+01 9.446734e+01
3.680000e+01 9.446709e+01
3.720000e+01 9.446683e+01
3.760000e+01 9.446654e+01
3.800000e+01 9.446623e+01
3.840000e+01 9.446589e+01
3.880000e+01 9.446553e+01
3.920000e+01 9.446513e+01
3.960000e+01 9.446470e+01
4.000000e+01 9.446424e+01
4.040000e+01 9.446374e+01
4.080000e+01 9.446321e+01
4.120000e+01 9.446263e+01
4.160000e+01 9.446202e+01
4.200000e+01 9.446136e+01
4.240000e+01 9.446065e+01
4.280000e+01 9.445990e+01
4.320000e+01 9.445909e+01
4.360000e+01 9.445823e+01
4.400000e+01 9.445732e+01
4.440000e+01 9.445635e+01
4.480000e+01 9.445532e+01
4.520000e+01 9.445422e+01
4.560000e+01 9.445306e+01
4.600000e+01 9.445183e+01
4.640000e+01 9.445053e+01
4.680000e+01 9.444915e+01
4.720000e+01 9.444770e+01
4.760000e+01 9.444616e+01
4.800000e+01 9.444455e+01
4.840000e+01 9.444284e+01
4.880000e+01 9.444105e+01
4.920000e+01 9.443916e+01
4.960000e+01 9.443717e+01
5.000000e+01 9.443508e+01
5.040000e+01 9.443289e+01
5.080000e+01 9.443060e+01
5.120000e+01 9.442819e+01
5.160000e+01 9.442566e+01
5.200000e+01 9.442302e+01
5.240000e+01 9.442026e+01
5.280000e+01 9.441737e+01
5.320000e+01 9.441435e+01
5.360000e+01 9.441120e+01
5.400000e+01 9.440791e+01
5.440000e+01 9.440447e+01
5.480000e+01 9.440089e+01
5.520000e+01 9.439716e+01
5.560000e+01 9.439328e+01
5.600000e+01 9.438924e+01
5.640000e+01 9.438503e+01
5.680000e+01 9.438066e+01
5.720000e+01 9.437611e+01
5.760000e+01 9.437139e+01
5.800000e+01 9.436648e+01
5.840000e+01 9.436139e+01
5.880000e+01 9.435611e+01
5.920000e+01 9.435064e+01
5.960000e+01 9.434496e+01
6.000000e+01 9.433907e+01
6.040000e+01 9.433298e+01
6.080000e+01 9.432667e+01
6.120000e+01 9.432014e+01
6.160000e+01 9.431339e+01
6.200000e+01 9.430640e+01
6.240000e+01 9.429918e+01
6.280000e+01 9.429171e+01
6.320000e+01 9.428400e+01
6.360000e+01 9.427604e+01
6.400000e+01 9.426781e+01
6.440000e+01 9.425933e+01
6.480000e+01 9.425057e+01
6.520000e+01 9.424154e+01
6.560000e+01 9.423222e+01
6.600000e+01 9.422262e+01
6.640000e+01 9.421273e+01
6.680000e+01 9.420253e+01
6.720000e+01 9.419203e+01
6.760000e+01 9.418122e+01
6.800000e+01 9.417009e+01
6.840000e+01 9.415864e+01
6.880000e+01 9.414685e+01
6.920000e+01 9.413473e+01
6.960000e+01 9.412226e+01
7.000000e+01 9.410944e+01
7.040000e+01 9.409627e+01
7.080000e+01 9.408272e+01
7.120000e+01 9.406881e+01
7.160000e+01 9.405452e+01
7.200000e+01 9.403984e+01
7.240000e+01 9.402477e+01
7.280000e+01 9.400930e+01
7.320000e+01 9.399341e+01
7.360000e+01 9.397712e+01
7.400000e+01 9.396040e+01
7.440000e+01 9.394324e+01
7.480000e+01 9.392565e+01
7.520000e+01 9.390761e+01
7.560000e+01 9.388911e+01
7.600000e+01 9.387015e+01
7.640000e+01 9.385071e+01
7.680000e+01 9.383080e+01
7.720000e+01 9.381039e+01
7.760000e+01 9.378949e+01
7.800000e+01 9.376807e+01
7.840000e+01 9.374614e+01
7.880000e+01 9.372368e+01
7.920000e+01 9.370068e+01
7.960000e+01 9.367714e+01
8.000000e+01 9.365304e+01
8.040000e+01 9.362838e+01
8.080000e+01 9.360314e+01
8.120000e+01 9.357731e+01
8.160000e+01 9.355089e+01
8.200000e+01 9.352385e+01
8.240000e+01 9.349620e+01
8.280000e+01 9.346792e+01
8.320000e+01 9.343899e+01
8.360000e+01 9.340941e+01
8.400000e+01 9.337916e+01
8.440000e+01 9.334824e+01
8.480000e+01 9.331662e+01
8.520000e+01 9.328430e+01
8.560000e+01 9.325127e+01
8.600000e+01 9.321750e+01
8.640000e+01 9.318299e+01
8.680000e+01 9.314772e+01
8.720000e+01 9.311168e+01
8.760000e+01 9.307486e+01
8.800000e+01 9.303723e+01
8.840000e+01 9.299878e+01
8.880000e+01 9.295950e+01
8.920000e+01 9.291937e+01
8.960000e+01 9.287837e+01
9.000000e+01 9.283649e+01
9.040000e+01 9.279371e+01
9.080000e+01 9.275001e+01
9.120000e+01 9.270538e+01
9.160000e+01 9.265978e+01
9.200000e+01 9.261321e+01
9.240000e+01 9.256564e+01
9.280000e+01 9.251705e+01
9.320000e+01 9.246743e+01
9.360000e+01 9.241674e+01
9.400000e+01 9.236496e+01
9.440000e+01 9.231208e+01
9.480000e+01 9.225806e+01
9.520000e+01 9.220289e+01
9.560000e+01 9.214652e+01
9.600000e+01 9.208895e+01
9.640000e+01 9.203013e+01
9.680000e+01 9.197005e+01
9.720000e+01 9.190866e+01
9.760000e+01 9.184594e+01
9.800000e+01 9.178186e+01
9.840000e+01 9.171638e+01
9.880000e+01 9.164946e+01
9.920000e+01 9.158107e+01
9.960000e+01 9.151117e+01
1.000000e+02 9.143971e+01
1.004000e+02 9.136666e+01
1.008000e+02 9.129198e+01
1.012000e+02 9.121561e+01
1.016000e+02 9.113751e+01
1.020000e+02 9.105762e+01
1.024000e+02 9.097590e+01
1.028000e+02 9.089228e+01
1.032000e+02 9.080671e+01
1.036000e+02 9.071912e+01
1.040000e+02 9.062945e+01
1.044000e+02 9.053763e+01
1.048000e+02 9.044358e+01
1.052000e+02 9.034723e+01
1.056000e+02 9.024849e+01
1.060000e+02 9.014727e+01
1.064000e+02 9.004348e+01
1.068000e+02 8.993702e+01
1.072000e+02 8.982777e+01
1.076000e+02 8.971563e+01
1.080000e+02 8.960047e+01
1.084000e+02 8.948215e+01
1.088000e+02 8.936052e+01
1.092000e+02 8.923543e+01
1.096000e+02 8.910671e+01
1.100000e+02 8.897417e+01
1.104000e+02 8.883761e+01
1.108000e+02 8.869679e+01
1.112000e+02 8.855149e+01
1.116000e+02 8.840141e+01
1.120000e+02 8.824626e+01
1.124000e+02 8.808571e+01
1.128000e+02 8.791936e+01
1.132000e+02 8.774680e+01
1.136000e+02 8.756754e+01
1.140000e+02 8.738102e+01
1.144000e+02 8.718660e+01
1.148000e+02 8.698355e+01
1.152000e+02 8.677100e+01
1.156000e+02 8.654792e+01
1.160000e+02 8.631310e+01
1.164000e+02 8.606503e+01
1.168000e+02 8.580191e+01
1.172000e+02 8.552144e+01
1.176000e+02 8.522071e+01
1.180000e+02 8.489596e+01
1.184000e+02 8.454214e+01
1.188000e+02 8.415237e+01
1.192000e+02 8.371707e+01
1.196000e+02 8.322278e+01
1.200000e+02 8.265202e+01
1.204000e+02 8.199078e+01
1.208000e+02 8.126652e+01
1.212000e+02 8.059366e+01
1.216000e+02 8.006707e+01
1.220000e+02 7.967429e+01
1.224000e+02 7.937268e+01
1.228000e+02 7.913104e+01
1.232000e+02 7.893018e+01
1.236000e+02 7.875827e+01
1.240000e+02 7.860771e+01
1.244000e+02 7.847341e+01
1.248000e+02 7.835181e+01
1.252000e+02 7.824037e+01
1.256000e+02 7.813719e+01
1.260000e+02 7.804082e+01
1.264000e+02 7.795014e+01
1.268000e+02 7.786428e+01
1.272000e+02 7.778252e+01
1.276000e+02 7.770428e+01
1.280000e+02 7.762909e+01
1.284000e+02 7.755655e+01
1.288000e+02 7.748633e+01
1.292000e+02 7.741813e+01
1.296000e+02 7.735173e+01
1.300000e+02 7.728690e+01
1.304000e+02 7.722347e+01
1.308000e+02 7.716128e+01
1.312000e+02 7.710019e+01
1.316000e+02 7.704007e+01
1.320000e+02 7.698082e+01
1.324000e+02 7.692234e+01
1.328000e+02 7.686454e+01
1.332000e+02 7.680734e+01
1.336000e+02 7.675068e+01
1.340000e+02 7.669450e+01
1.344000e+02 7.663872e+01
1.348000e+02 7.658331e+01
1.352000e+02 7.652821e+01
1.356000e+02 7.647338e+01
1.360000e+02 7.641877e+01
1.364000e+02 7.636436e+01
1.368000e+02 7.631011e+01
1.372000e+02 7.625599e+01
1.376000e+02 7.620196e+01
1.380000e+02 7.614800e+01
1.384000e+02 7.609409e+01
1.388000e+02 7.604020e+01
1.392000e+02 7.598631e+01
1.396000e+02 7.593241e+01
1.400000e+02 7.587846e+01
1.404000e+02 7.582445e+01
1.408000e+02 7.577038e+01
1.412000e+02 7.571621e+01
1.416000e+02 7.566194e+01
1.420000e+02 7.560755e+01
1.424000e+02 7.555303e+01
1.428000e+02 7.549837e+01
1.432000e+02 7.544355e+01
1.436000e+02 7.538857e+01
1.440000e+02 7.533340e+01
1.444000e+02 7.527805e+01
1.448000e+02 7.522251e+01
1.452000e+02 7.516675e+01
1.456000e+02 7.511078e+01
1.460000e+02 7.505459e+01
1.464000e+02 7.499817e+01
1.468000e+02 7.494151e+01
1.472000e+02 7.488460e+01
1.476000e+02 7.482744e+01
1.480000e+02 7.477002e+01
1.484000e+02 7.471233e+01
1.488000e+02 7.465437e+01
1.492000e+02 7.459614e+01
1.496000e+02 7.453762e+01
1.500000e+02 7.447881e+01
1.504000e+02 7.441971e+01
1.508000e+02 7.436031e+01
1.512000e+02 7.430060e+01
1.516000e+02 7.424058e+01
1.520000e+02 7.418025e+01
1.524000e+02 7.411961e+01
1.528000e+02 7.405864e+01
1.532000e+02 7.399734e+01
1.536000e+02 7.393572e+01
1.540000e+02 7.387376e+01
1.544000e+02 7.381146e+01
1.548000e+02 7.374883e+01
1.552000e+02 7.368584e+01
1.556000e+02 7.362251e+01
1.560000e+02 7.355883e+01
1.564000e+02 7.349480e+01
1.568000e+02 7.343040e+01
1.572000e+02 7.336565e+01
1.576000e+02 7.330053e+01
1.580000e+02 7.323505e+01
1.584000e+02 7.316920e+01
1.588000e+02 7.310297e+01
1.592000e+02 7.303637e+01
1.596000e+02 7.296940e+01
1.600000e+02 7.290204e+01
1.604000e+02 7.283431e+01
1.608000e+02 7.276619e+01
1.612000e+02 7.269768e+01
1.616000e+02 7.262879e+01
1.620000e+02 7.255950e+01
1.624000e+02 7.248983e+01
1.628000e+02 7.241975e+01
1.632000e+02 7.234929e+01
1.636000e+02 7.227842e+01
1.640000e+02 7.220715e+01
1.644000e+02 7.213548e+01
1.648000e+02 7.206341e+01
1.652000e+02 7.199093e+01
1.656000e+02 7.191805e+01
1.660000e+02 7.184476e+01
1.664000e+02 7.177105e+01
1.668000e+02 7.169694e+01
1.672000e+02 7.162241e+01
1.676000e+02 7.154747e+01
1.680000e+02 7.147211e+01
1.684000e+02 7.139633e+01
1.688000e+02 7.132014e+01
1.692000e+02 7.124353e+01
1.696000e+02 7.116649e+01
1.700000e+02 7.108904e+01
1.704000e+02 7.101116e+01
1.708000e+02 7.093285e+01
1.712000e+02 7.085413e+01
1.716000e+02 7.077497e+01
1.720000e+02 7.069539e+01
1.724000e+02 7.061538e+01
1.728000e+02 7.053494e+01
1.732000e+02 7.045407e+01
1.736000e+02 7.037278e+01
1.740000e+02 7.029105e+01
1.744000e+02 7.020888e+01
1.748000e+02 7.012629e+01
1.752000e+02 7.004327e+01
1.756000e+02 6.995981e+01
1.760000e+02 6.987591e+01
1.764000e+02 6.979158e+01
1.768000e+02 6.970682e+01
1.772000e+02 6.962162e+01
1.776000e+02 6.953599e+01
1.780000e+02 6.944992e+01
1.784000e+02 6.936341e+01
1.788000e+02 6.927647e+01
1.792000e+02 6.918909e+01
1.796000e+02 6.910127e+01
1.800000e+02 6.901302e+01
1.804000e+02 6.892433e+01
1.808000e+02 6.883520e+01
1.812000e+02 6.874564e+01
1.816000e+02 6.865564e+01
1.820000e+02 6.856520e+01
1.824000e+02 6.847433e+01
1.828000e+02 6.838302e+01
1.832000e+02 6.829127e+01
1.836000e+02 6.819909e+01
1.840000e+02 6.810647e+01
1.844000e+02 6.801342e+01
1.848000e+02 6.791993e+01
1.852000e+02 6.782601e+01
1.856000e+02 6.773166e+01
1.860000e+02 6.763687e+01
1.864000e+02 6.754165e+01
1.868000e+02 6.744600e+01
1.872000e+02 6.734992e+01
1.876000e+02 6.725341e+01
1.880000e+02 6.715646e+01
1.884000e+02 6.705910e+01
1.888000e+02 6.696130e+01
1.892000e+02 6.686307e+01
1.896000e+02 6.676442e+01
1.900000e+02 6.666535e+01
1.904000e+02 6.656585e+01
1.908000e+02 6.646593e+01
1.912000e+02 6.636559e+01
1.916000e+02 6.626483e+01
1.920000e+02 6.616365e+01
1.924000e+02 6.606206e+01
1.928000e+02 6.596005e+01
1.932000e+02 6.585762e+01
1.936000e+02 6.575479e+01
1.940000e+02 6.565154e+01
1.944000e+02 6.554788e+01
1.948000e+02 6.544381e+01
1.952000e+02 6.533934e+01
1.956000e+02 6.523447e+01
1.960000e+02 6.512919e+01
1.964000e+02 6.502351e+01
1.968000e+02 6.491744e+01
1.972000e+02 6.481097e+01
1.976000e+02 6.470410e+01
1.980000e+02 6.459684e+01
1.984000e+02 6.448920e+01
1.988000e+02 6.438116e+01
1.992000e+02 6.427274e+01
1.996000e+02 6.416394e+01
2.000000e+02 6.405475e+01
2.004000e+02 6.394519e+01
2.008000e+02 6.383525e+01
2.012000e+02 6.372494e+01
2.016000e+02 6.361426e+01
2.020000e+02 6.350321e+01
2.024000e+02 6.339180e+01
2.028000e+02 6.328003e+01
2.032000e+02 6.316789e+01
2.036000e+02 6.305540e+01
2.040000e+02 6.294256e+01
2.044000e+02 6.282937e+01
2.048000e+02 6.271583e+01
2.052000e+02 6.260194e+01
2.056000e+02 6.248772e+01
2.060000e+02 6.237315e+01
2.064000e+02 6.225826e+01
2.068000e+02 6.214303e+01
2.072000e+02 6.202748e+01
2.076000e+02 6.191160e+01
2.080000e+02 6.179540e+01
2.084000e+02 6.167888e+01
2.088000e+02 6.156205e+01
2.092000e+02 6.144492e+01
2.096000e+02 6.132747e+01
2.100000e+02 6.120973e+01
2.104000e+02 6.109168e+01
2.108000e+02 6.097335e+01
2.112000e+02 6.085472e+01
2.116000e+02 6.073580e+01
2.120000e+02 6.061661e+01
2.124000e+02 6.049713e+01
2.128000e+02 6.037738e+01
2.132000e+02 6.025737e+01
2.136000e+02 6.013708e+01
2.140000e+02 6.001654e+01
2.144000e+02 5.989574e+01
2.148000e+02 5.977468e+01
2.152000e+02 5.965338e+01
2.156000e+02 5.953184e+01
2.160000e+02 5.941005e+01
2.164000e+02 5.928803e+01
2.168000e+02 5.916579e+01
2.172000e+02 5.904331e+01
2.176000e+02 5.892062e+01
2.180000e+02 5.879771e+01
2.184000e+02 5.867458e+01
2.188000e+02 5.855126e+01
2.192000e+02 5.842773e+01
2.196000e+02 5.830400e+01
2.200000e+02 5.818008e+01
2.204000e+02 5.805598e+01
2.208000e+02 5.793169e+01
2.212000e+02 5.780723e+01
2.216000e+02 5.768259e+01
2.220000e+02 5.755779e+01
2.224000e+02 5.743282e+01
2.228000e+02 5.730770e+01
2.232000e+02 5.718242e+01
2.236000e+02 5.705700e+01
2.240000e+02 5.693144e+01
2.244000e+02 5.680574e+01
2.248000e+02 5.667991e+01
2.252000e+02 5.655396e+01
2.256000e+02 5.642788e+01
2.260000e+02 5.630169e+01
2.264000e+02 5.617539e+01
2.268000e+02 5.604898e+01
2.272000e+02 5.592247e+01
2.276000e+02 5.579587e+01
2.280000e+02 5.566918e+01
2.284000e+02 5.554240e+01
2.288000e+02 5.541555e+01
2.292000e+02 5.528862e+01
2.296000e+02 5.516163e+01
2.300000e+02 5.503457e+01
2.304000e+02 5.490746e+01
2.308000e+02 5.478029e+01
2.312000e+02 5.465308e+01
2.316000e+02 5.452582e+01
2.320000e+02 5.439853e+01
2.324000e+02 5.427121e+01
2.328000e+02 5.414386e+01
2.332000e+02 5.401649e+01
2.336000e+02 5.388910e+01
2.340000e+02 5.376171e+01
2.344000e+02 5.363431e+01
2.348000e+02 5.350691e+01
2.352000e+02 5.337952e+01
2.356000e+02 5.325214e+01
2.360000e+02 5.312477e+01
2.364000e+02 5.299743e+01
2.368000e+02 5.287011e+01
2.372000e+02 5.274282e+01
2.376000e+02 5.261557e+01
2.380000e+02 5.248836e+01
2.384000e+02 5.236120e+01
2.388000e+02 5.223408e+01
2.392000e+02 5.210703e+01
2.396000e+02 5.198004e+01
2.400000e+02 5.185311e+01
2.404000e+02 5.172625e+01
2.408000e+02 5.159947e+01
2.412000e+02 5.147277e+01
2.416000e+02 5.134616e+01
2.420000e+02 5.121963e+01
2.424000e+02 5.109320e+01
2.428000e+02 5.096687e+01
2.432000e+02 5.084065e+01
2.436000e+02 5.071453e+01
2.440000e+02 5.058853e+01
2.444000e+02 5.046264e+01
2.448000e+02 5.033688e+01
2.452000e+02 5.021124e+01
2.456000e+02 5.008573e+01
2.460000e+02 4.996036e+01
2.464000e+02 4.983513e+01
2.468000e+02 4.971005e+01
2.472000e+02 4.958511e+01
2.476000e+02 4.946032e+01
2.480000e+02 4.933569e+01
2.484000e+02 4.921122e+01
2.488000e+02 4.908691e+01
2.492000e+02 4.896278e+01
2.496000e+02 4.883881e+01
2.500000e+02 4.871502e+01
2.504000e+02 4.859141e+01
2.508000e+02 4.846798e+01
2.512000e+02 4.834474e+01
2.516000e+02 4.822169e+01
2.520000e+02 4.809884e+01
2.524000e+02 4.797618e+01
2.528000e+02 4.785373e+01
2.532000e+02 4.773148e+01
2.536000e+02 4.760944e+01
2.540000e+02 4.748761e+01
2.544000e+02 4.736599e+01
2.548000e+02 4.724459e+01
2.552000e+02 4.712341e+01
2.556000e+02 4.700246e+01
2.560000e+02 4.688174e+01
2.564000e+02 4.676124e+01
2.568000e+02 4.664098e+01
2.572000e+02 4.652095e+01
2.576000e+02 4.640116e+01
2.580000e+02 4.628162e+01
2.584000e+02 4.616232e+01
2.588000e+02 4.604326e+01
2.592000e+02 4.592446e+01
2.596000e+02 4.580591e+01
2.600000e+02 4.568761e+01
2.604000e+02 4.556957e+01
2.608000e+02 4.545178e+01
2.612000e+02 4.533426e+01
2.616000e+02 4.521701e+01
2.620000e+02 4.510002e+01
2.624000e+02 4.498330e+01
2.628000e+02 4.486685e+01
2.632000e+02 4.475067e+01
2.636000e+02 4.463477e+01
2.640000e+02 4.451914e+01
2.644000e+02 4.440379e+01
2.648000e+02 4.428873e+01
2.652000e+02 4.417394e+01
2.656000e+02 4.405944e+01
2.660000e+02 4.394523e+01
2.664000e+02 4.383130e+01
2.668000e+02 4.371766e+01
2.672000e+02 4.360431e+01
2.676000e+02 4.349126e+01
2.680000e+02 4.337849e+01
2.684000e+02 4.326603e+01
2.688000e+02 4.315386e+01
2.692000e+02 4.304198e+01
2.696000e+02 4.293041e+01
2.700000e+02 4.281914e+01
2.704000e+02 4.270817e+01
2.708000e+02 4.259750e+01
2.712000e+02 4.248713e+01
2.716000e+02 4.237707e+01
2.720000e+02 4.226732e+01
2.724000e+02 4.215787e+01
2.728000e+02 4.204873e+01
2.732000e+02 4.193990e+01
2.736000e+02 4.183137e+01
2.740000e+02 4.172316e+01
2.744000e+02 4.161526e+01
2.748000e+02 4.150767e+01
2.752000e+02 4.140040e+01
2.756000e+02 4.129343e+01
2.760000e+02 4.118678e+01
2.764000e+02 4.108045e+01
2.768000e+02 4.097443e+01
2.772000e+02 4.086872e+01
2.776000e+02 4.076334e+01
2.780000e+02 4.065826e+01
2.784000e+02 4.055351e+01
2.788000e+02 4.044907e+01
2.792000e+02 4.034495e+01
2.796000e+02 4.024115e+01
2.800000e+02 4.013766e+01
2.804000e+02 4.003449e+01
2.808000e+02 3.993165e+01
2.812000e+02 3.982912e+01
2.816000e+02 3.972691e+01
2.820000e+02 3.962501e+01
2.824000e+02 3.952344e+01
2.828000e+02 3.942219e+01
2.832000e+02 3.932125e+01
2.836000e+02 3.922064e+01
2.840000e+02 3.912034e+01
2.844000e+02 3.902036e+01
2.848000e+02 3.892071e+01
2.852000e+02 3.882137e+01
2.856000e+02 3.872235e+01
2.860000e+02 3.862365e+01
2.864000e+02 3.852526e+01
2.868000e+02 3.842720e+01
2.872000e+02 3.832945e+01
2.876000e+02 3.823202e+01
2.880000e+02 3.813491e+01
2.884000e+02 3.803811e+01
2.888000e+02 3.794164e+01
2.892000e+02 3.784548e+01
2.896000e+02 3.774963e+01
2.900000e+02 3.765410e+01
2.904000e+02 3.755889e+01
2.908000e+02 3.746399e+01
2.912000e+02 3.736941e+01
2.916000e+02 3.727514e+01
2.920000e+02 3.718118e+01
2.924000e+02 3.708754e+01
2.928000e+02 3.699421e+01
2.932000e+02 3.690119e+01
2.936000e+02 3.680848e+01
2.940000e+02 3.671609e+01
2.944000e+02 3.662400e+01
2.948000e+02 3.653223e+01
2.952000e+02 3.644077e+01
2.956000e+02 3.634961e+01
2.960000e+02 3.625876e+01
2.964000e+02 3.616822e+01
2.968000e+02 3.607799e+01
2.972000e+02 3.598806e+01
2.976000e+02 3.589844e+01
2.980000e+02 3.580912e+01
2.984000e+02 3.572011e+01
2.988000e+02 3.563140e+01
2.992000e+02 3.554299e+01
2.996000e+02 3.545489e+01
3.000000e+02 3.536709e+01
3.004000e+02 3.527958e+01
3.008000e+02 3.519238e+01
3.012000e+02 3.510548e+01
3.016000e+02 3.501887e+01
3.020000e+02 3.493257e+01
3.024000e+02 3.484655e+01
3.028000e+02 3.476084e+01
3.032000e+02 3.467542e+01
3.036000e+02 3.459029e+01
3.040000e+02 3.450546e+01
3.044000e+02 3.442092e+01
3.048000e+02 3.433667e+01
3.052000e+02 3.425271e+01
3.056000e+02 3.416905e+01
3.060000e+02 3.408567e+01
3.064000e+02 3.400258e+01
3.068000e+02 3.391977e+01
3.072000e+02 3.383726e+01
3.076000e+02 3.375503e+01
3.080000e+02 3.367308e+01
3.084000e+02 3.359142e+01
3.088000e+02 3.351004e+01
3.092000e+02 3.342894e+01
3.096000e+02 3.334813e+01
3.100000e+02 3.326759e+01
3.104000e+02 3.318734e+01
3.108000e+02 3.310736e+01
3.112000e+02 3.302766e+01
3.116000e+02 3.294823e+01
3.120000e+02 3.286908e+01
3.124000e+02 3.279021e+01
3.128000e+02 3.271161e+01
3.132000e+02 3.263328e+01
3.136000e+02 3.255523e+01
3.140000e+02 3.247744e+01
3.144000e+02 3.239993e+01
3.148000e+02 3.232268e+01
3.152000e+02 3.224571e+01
3.156000e+02 3.216899e+01
3.160000e+02 3.209255e+01
3.164000e+02 3.201637e+01
3.168000e+02 3.194046e+01
3.172000e+02 3.186480e+01
3.176000e+02 3.178942e+01
3.180000e+02 3.171429e+01
3.184000e+02 3.163942e+01
3.188000e+02 3.156481e+01
3.192000e+02 3.149046e+01
3.196000e+02 3.141637e+01
3.200000e+02 3.134253e+01
3.204000e+02 3.126895e+01
3.208000e+02 3.119563e+01
3.212000e+02 3.112256e+01
3.216000e+02 3.104974e+01
3.220000e+02 3.097717e+01
3.224000e+02 3.090485e+01
3.228000e+02 3.083279e+01
3.232000e+02 3.076097e+01
3.236000e+02 3.068940e+01
3.240000e+02 3.061808e+01
3.244000e+02 3.054700e+01
3.248000e+02 3.047617e+01
3.252000e+02 3.040558e+01
3.256000e+02 3.033523e+01
3.260000e+02 3.026513e+01
3.264000e+02 3.019527e+01
3.268000e+02 3.012565e+01
3.272000e+02 3.005626e+01
3.276000e+02 2.998712e+01
3.280000e+02 2.991821e+01
3.284000e+02 2.984954e+01
3.288000e+02 2.978111e+01
3.292000e+02 2.971291e+01
3.296000e+02 2.964494e+01
3.300000e+02 2.957721e+01
3.304000e+02 2.950971e+01
3.308000e+02 2.944244e+01
3.312000e+02 2.937540e+01
3.316000e+02 2.930858e+01
3.320000e+02 2.924200e+01
3.324000e+02 2.917564e+01
3.328000e+02 2.910951e+01
3.332000e+02 2.904361e+01
3.336000e+02 2.897792e+01
3.340000e+02 2.891247e+01
3.344000e+02 2.884723e+01
3.348000e+02 2.878222e+01
3.352000e+02 2.871742e+01
3.356000e+02 2.865285e+01
3.360000e+02 2.858850e+01
3.364000e+02 2.852436e+01
3.368000e+02 2.846044e+01
3.372000e+02 2.839674e+01
3.376000e+02 2.833325e+01
3.380000e+02 2.826997e+01
3.384000e+02 2.820691e+01
3.388000e+02 2.814407e+01
3.392000e+02 2.808143e+01
3.396000e+02 2.801900e+01
3.400000e+02 2.795679e+01
3.404000e+02 2.789478e+01
3.408000e+02 2.783298e+01
3.412000e+02 2.777139e+01
3.416000e+02 2.771001e+01
3.420000e+02 2.764883e+01
3.424000e+02 2.758786e+01
3.428000e+02 2.752709e+01
3.432000e+02 2.746652e+01
3.436000e+02 2.740615e+01
3.440000e+02 2.734599e+01
3.444000e+02 2.728603e+01
3.448000e+02 2.722626e+01
3.452000e+02 2.716670e+01
3.456000e+02 2.710733e+01
3.460000e+02 2.704816e+01
3.464000e+02 2.698919e+01
3.468000e+02 2.693041e+01
3.472000e+02 2.687183e+01
3.476000e+02 2.681344e+01
3.480000e+02 2.675524e+01
3.484000e+02 2.669724e+01
3.488000e+02 2.663943e+01
3.492000e+02 2.658180e+01
3.496000e+02 2.652437e+01
3.500000e+02 2.646713e+01
3.504000e+02 2.641007e+01
3.508000e+02 2.635320e+01
3.512000e+02 2.629652e+01
3.516000e+02 2.624003e+01
3.520000e+02 2.618372e+01
3.524000e+02 2.612759e+01
3.528000e+02 2.607165e+01
3.532000e+02 2.601589e+01
3.536000e+02 2.596031e+01
3.540000e+02 2.590491e+01
3.544000e+02 2.584970e+01
3.548000e+02 2.579466e+01
3.552000e+02 2.573980e+01
3.556000e+02 2.568512e+01
3.560000e+02 2.563062e+01
3.564000e+02 2.557629e+01
3.568000e+02 2.552214e+01
3.572000e+02 2.546817e+01
3.576000e+02 2.541436e+01
3.580000e+02 2.536074e+01
3.584000e+02 2.530728e+01
3.588000e+02 2.525400e+01
3.592000e+02 2.520089e+01
3.596000e+02 2.514795e+01
3.600000e+02 2.509518e+01
3.604000e+02 2.504258e+01
3.608000e+02 2.499015e+01
3.612000e+02 2.493788e+01
3.616000e+02 2.488578e+01
3.620000e+02 2.483385e+01
3.624000e+02 2.478209e+01
3.628000e+02 2.473049e+01
3.632000e+02 2.467905e+01
3.636000e+02 2.462778e+01
3.640000e+02 2.457667e+01
3.644000e+02 2.452573e+01
3.648000e+02 2.447494e+01
3.652000e+02 2.442432e+01
3.656000e+02 2.437385e+01
3.660000e+02 2.432355e+01
3.664000e+02 2.427340e+01
3.668000e+02 2.422342e+01
3.672000e+02 2.417359e+01
3.676000e+02 2.412391e+01
3.680000e+02 2.407440e+01
3.684000e+02 2.402504e+01
3.688000e+02 2.397583e+01
3.692000e+02 2.392678e+01
3.696000e+02 2.387788e+01
3.700000e+02 2.382913e+01
3.704000e+02 2.378054e+01
3.708000e+02 2.373210e+01
3.712000e+02 2.368381e+01
3.716000e+02 2.363567e+01
3.720000e+02 2.358768e+01
3.724000e+02 2.353984e+01
3.728000e+02 2.349215e+01
3.732000e+02 2.344461e+01
3.736000e+02 2.339721e+01
3.740000e+02 2.334996e+01
3.744000e+02 2.330286e+01
3.748000e+02 2.325590e+01
3.752000e+02 2.320909e+01
3.756000e+02 2.316242e+01
3.760000e+02 2.311589e+01
3.764000e+02 2.306951e+01
3.768000e+02 2.302327e+01
3.772000e+02 2.297718e+01
3.776000e+02 2.293122e+01
3.780000e+02 2.288541e+01
3.784000e+02 2.283973e+01
3.788000e+02 2.279420e+01
3.792000e+02 2.274880e+01
3.796000e+02 2.270354e+01
3.800000e+02 2.265842e+01
3.804000e+02 2.261344e+01
3.808000e+02 2.256860e+01
3.812000e+02 2.252389e+01
3.816000e+02 2.247931e+01
3.820000e+02 2.243487e+01
3.824000e+02 2.239057e+01
3.828000e+02 2.234640e+01
3.832000e+02 2.230236e+01
3.836000e+02 2.225846e+01
3.840000e+02 2.221469e+01
3.844000e+02 2.217105e+01
3.848000e+02 2.212754e+01
3.852000e+02 2.208417e+01
3.856000e+02 2.204092e+01
3.860000e+02 2.199780e+01
3.864000e+02 2.195481e+01
3.868000e+02 2.191195e+01
3.872000e+02 2.186922e+01
3.876000e+02 2.182662e+01
3.880000e+02 2.178414e+01
3.884000e+02 2.174179e+01
3.888000e+02 2.169957e+01
3.892000e+02 2.165747e+01
3.896000e+02 2.161550e+01
3.900000e+02 2.157365e+01
3.904000e+02 2.153192e+01
3.908000e+02 2.149032e+01
3.912000e+02 2.144884e+01
3.916000e+02 2.140749e+01
3.920000e+02 2.136626e+01
3.924000e+02 2.132514e+01
3.928000e+02 2.128415e+01
3.932000e+02 2.124328e+01
3.936000e+02 2.120253e+01
3.940000e+02 2.116190e+01
3.944000e+02 2.112139e+01
3.948000e+02 2.108100e+01
3.952000e+02 2.104072e+01
3.956000e+02 2.100057e+01
3.960000e+02 2.096053e+01
3.964000e+02 2.092060e+01
3.968000e+02 2.088080e+01
3.972000e+02 2.084111e+01
3.976000e+02 2.080153e+01
3.980000e+02 2.076207e+01
3.984000e+02 2.072273e+01
3.988000e+02 2.068350e+01
3.992000e+02 2.064438e+01
3.996000e+02 2.060537e+01
