0.	-2.465190328815662e-32
0.0025	-0.0024999843749023433
0.005	-0.004999874996874922
0.0075	-0.007499578101268196
0.01	-0.00999899989999
0.0125	-0.012498046569776529
0.015	-0.014996624240454101
0.0175	-0.017494638983188603
0.02	-0.019991996798719488
0.0225	-0.022488603605575322
0.025	-0.02498436522826767
0.0275	-0.027479187385460253
0.03	-0.0299729756781103
0.0325	-0.032465635577578825
0.035	-0.0349570724137068
0.0375	-0.037447191362854015
0.04	-0.039935897435897434
0.0425	-0.0424230954661858
0.045	-0.04490869009744732
0.0475	-0.04739258577164728
0.05	-0.04987468671679199
0.0525	-0.0523548969346762
0.055	-0.05483312018857043
0.0575	-0.05730925999084474
0.06	-0.059783219590525884
0.0625	-0.062254901960784315
0.065	-0.06472420978634731
0.0675	-0.06719104545083537
0.07	-0.06965531102401769
0.0725	-0.07211690824898372
0.075	-0.0745757385292269
0.0775	-0.07703170291563705
0.08	-0.07948470209339774
0.0825	-0.08193463636878505
0.085	-0.08438140565586362
0.08750000000000001	-0.08682490946307668
0.09	-0.08926504687972578
0.0925	-0.09170171656233649
0.095	-0.09413481672090619
0.0975	-0.09656424510502969
0.1	-0.09898989898989899
0.10250000000000001	-0.10141167516217257
0.105	-0.10382946990571044
0.1075	-0.10624317898717049
0.11	-0.10865269764146168
0.1125	-0.11105792055705016
0.115	-0.11345874186111322
0.11750000000000001	-0.115855055104537
0.12	-0.11824675324675325
0.1225	-0.12063372864041015
0.125	-0.12301587301587302
0.1275	-0.12539307746554934
0.13	-0.12776523242803378
0.1325	-0.13013222767206772
0.135	-0.13249395228030864
0.1375	-0.13485029463290332
0.14	-0.1372011423908609
0.14250000000000002	-0.13954638247921866
0.145	-0.14188590106999668
0.1475	-0.1442195835649346
0.15	-0.1465473145780051
0.1525	-0.1488689779176985
0.155	-0.15118445656907198
0.1575	-0.15349363267555807
0.16	-0.15579638752052546
0.1625	-0.15809260150858612
0.165	-0.16038215414664234
0.1675	-0.1626649240246671
0.17	-0.1649407887962105
0.17250000000000001	-0.1672096251586264
0.17500000000000002	-0.16947130883301095
0.1775	-0.17172571454384708
0.18	-0.1739727159983464
0.1825	-0.1762121858654822
0.185	-0.17844399575470477
0.1875	-0.18066801619433198
0.19	-0.18288411660960682
0.1925	-0.18509216530041345
0.195	-0.18729202941864392
0.1975	-0.18948357494520646
0.2	-0.19166666666666665
0.2025	-0.193841168151513
0.20500000000000002	-0.19600694172603672
0.20750000000000002	-0.19816384844981746
0.21	-0.20031174809080446
0.2125	-0.2024504990999836
0.215	-0.2045799585856203
0.2175	-0.2066999822870676
0.22	-0.20881042454812948
0.2225	-0.21091113828996771
0.225	-0.2130019749835418
0.2275	-0.21508278462157018
0.23	-0.21715341569000107
0.2325	-0.2192137151389816
0.23500000000000001	-0.22126352835331167
0.23750000000000002	-0.22330269912237127
0.24	-0.22533106960950766
0.2425	-0.22734848032086913
0.245	-0.22935477007367217
0.2475	-0.2313497759638879
0.25	-0.23333333333333334
0.2525	-0.23530527573615312
0.255	-0.2372654349046766
0.2575	-0.23921364071463475
0.26	-0.24114972114972116
0.2625	-0.2430735022654808
0.265	-0.24498480815251
0.2675	-0.24688346089895058
0.27	-0.24876928055225972
0.2725	-0.25064208508023955
0.275	-0.252501690331305
0.2775	-0.2543479099939734
0.28	-0.2561805555555556
0.28250000000000003	-0.2579994362600268
0.28500000000000003	-0.2598043590650595
0.28750000000000003	-0.26159512859819456
0.29	-0.2633715471121301
0.2925	-0.2651334144391057
0.295	-0.2668805279443577
0.2975	-0.26861268247862363
0.3	-0.27032967032967037
0.3025	-0.2720312811728204
0.305	-0.2737173020204526
0.3075	-0.2753875171704482
0.31	-0.27704170815355683
0.3125	-0.2786796536796537
0.315	-0.28030112958285924
0.3175	-0.2819059087654913
0.32	-0.2834937611408199
0.3225	-0.2850644535745924
0.325	-0.28661774982529703
0.3275	-0.2881534104831313
0.33	-0.28967119290764226
0.3325	-0.291170851164
0.335	-0.2926521359578722
0.3375	-0.2941147945688592
0.34	-0.2955585707824514
0.3425	-0.2969832048204714
0.34500000000000003	-0.2983884332699566
0.34750000000000003	-0.2997739890104422
0.35000000000000003	-0.30113960113960114
0.3525	-0.3024849948971945
0.355	-0.3038098915872879
0.3575	-0.30511400849868503
0.36	-0.3063970588235294
0.3625	-0.3076587515740241
0.365	-0.3088987914972167
0.3675	-0.3101168789877955
0.37	-0.31131270999884136
0.3725	-0.3124859759504786
0.375	-0.31363636363636366
0.3775	-0.3147635551279528
0.38	-0.31586722767648434
0.3825	-0.31694705361260994
0.385	-0.31800270024360894
0.3875	-0.3190338297481155
0.39	-0.32004009906828634
0.3925	-0.32102115979933654
0.395	-0.3219766580763648
0.3975	-0.3229062344583912
0.4	-0.3238095238095238
0.4025	-0.32468615517717164
0.405	-0.32553575166721493
0.40750000000000003	-0.32635793031604354
0.41000000000000003	-0.3271523019593701
0.41250000000000003	-0.3279184710977217
0.41500000000000004	-0.3286560357585092
0.4175	-0.3293645873545731
0.42	-0.33004371053909665
0.4225	-0.3306929830567792
0.425	-0.3313119755911518
0.4275	-0.3319002516079199
0.43	-0.33245736719420926
0.4325	-0.3329828708935889
0.435	-0.3334763035367395
0.4375	-0.3339371980676329
0.44	-0.3343650793650793
0.4425	-0.33475946405950063
0.445	-0.3351198603447738
0.4475	-0.3354457677849937
0.45	-0.3357366771159874
0.4525	-0.33599207004141807
0.455	-0.33621141902329843
0.4575	-0.3363941870667373
0.46	-0.3365398274987317
0.4625	-0.33664778374080706
0.465	-0.33671748907530863
0.4675	-0.3367483664051315
0.47000000000000003	-0.33673982800667435
0.47250000000000003	-0.3366912752757907
0.47500000000000003	-0.33660209846650535
0.47750000000000004	-0.33647167642225084
0.48	-0.33629937629937634
0.4825	-0.3360845532826616
0.485	-0.3358265502925697
0.4875	-0.33552469768395154
0.49	-0.3351783129359126
0.4925	-0.3347867003325329
0.495	-0.33434915063412696
0.4975	-0.3338649407387104
0.5	-0.33333333333333337
0.5025000000000001	-0.3327535765349209
0.505	-0.33212490352025237
0.5075000000000001	-0.3314465321446911
0.51	-0.33071766454926343
0.5125	-0.3299374867556685
0.515	-0.32910516824878355
0.5175	-0.3282198615462095
0.52	-0.32728070175438606
0.5225	-0.32628680611078165
0.525	-0.325237273511648
0.5275	-0.324131184024801
0.53	-0.3229675983868724
0.5325	-0.3217455574844501
0.535	-0.3204640818185003
0.5375	-0.31912217095143935
0.54	-0.31771880293619414
0.5425	-0.3162529337265634
0.545	-0.3147234965681567
0.5475	-0.3131294013691661
0.55	-0.3114695340501793
0.5525	-0.309742755872219
0.555	-0.3079479027421511
0.5575	-0.3060837844945635
0.56	-0.304149184149184
0.5625	-0.30214285714285716
0.5650000000000001	-0.30006353053505186
0.5675	-0.2979099021858378
0.5700000000000001	-0.2956806399051991
0.5725	-0.2933743805725231
0.5750000000000001	-0.2909897292250234
0.5775	-0.28852525811382335
0.58	-0.2859795057263411
0.5825	-0.28335097577357127
0.585	-0.2806381361407777
0.5875	-0.2778394178000476
0.59	-0.27495321368308023
0.5925	-0.27197787751249625
0.595	-0.2689117225898835
0.5975	-0.2657530205386911
0.6	-0.26249999999999996
0.6025	-0.25915084527909427
0.605	-0.25570369494065215
0.6075	-0.25215664035026886
0.61	-0.24850772415989808
0.6125	-0.24475493873468346
0.615	-0.24089622451851556
0.6175	-0.2369294683355052
0.62	-0.23285250162443138
0.6225	-0.2286630986030469
0.625	-0.22435897435897445
0.6275000000000001	-0.21993778286374077
0.63	-0.2153971149063172
0.6325000000000001	-0.21073449594232807
0.635	-0.20594738385488687
0.6375000000000001	-0.20103316662279536
0.64	-0.19598915989159882
0.6425	-0.19081260444274162
0.645	-0.18550066355580275
0.6475	-0.18005042025850493
0.65	-0.17445887445887442
0.6525	-0.16872293995363474
0.655	-0.16283944130653705
0.6575	-0.15680511058999702
0.66	-0.15061658398299094
0.6625	-0.14427039821776666
0.665	-0.13776298686746435
0.6675	-0.13109067646627826
0.67	-0.12424968245327506
0.6725	-0.11723610493045333
0.675	-0.11004592422502846
0.6775	-0.10267499624533549
0.68	-0.09511904761904733
0.6825	-0.08737367060172452
0.685	-0.07943431774292309
0.6875	-0.07129629629629619
0.6900000000000001	-0.06295476235922859
0.6925	-0.054404714726615566
0.6950000000000001	-0.04564098844238096
0.6975	-0.03665824803125628
0.7000000000000001	-0.027450980392156543
0.7025	-0.018013487333259137
0.705	-0.008339877727521428
0.7075	0.0015759407340665277
0.71	0.011740270215769177
0.7125	0.02215963186290093
0.715	0.03284077540790742
0.7175	0.04379068928649654
0.72	0.05501661129568092
0.7225	0.0665260398279266
0.725	0.0783267457180501
0.7275	0.0904267847422302
0.73	0.10283451081138928
0.7325	0.1155585899043845
0.735	0.12860801478984274
0.7375	0.14199212058924315
0.74	0.1557206012378427
0.7425	0.16980352690448708
0.745	0.18425136243609197
0.7475	0.19907498689783165
0.75	0.2142857142857142
0.7525000000000001	0.22989531549446007
0.755	0.24591604163032743
0.7575000000000001	0.26236064876596665
0.76	0.2792424242424245
0.7625000000000001	0.29657521463232617
0.765	0.3143734554879152
0.7675000000000001	0.33265220300831944
0.77	0.35142716777204597
0.7725	0.37071475069359394
0.775	0.39053208137715223
0.7775	0.41089705905592666
0.78	0.4318283963227785
0.7825	0.45334566587673875
0.785	0.4754693505309102
0.7875	0.49822089675030834
0.79	0.521622772013834
0.7925	0.5456985263228646
0.795	0.5704728582104768
0.7975	0.5959716856402066
0.8	0.6222222222222227
0.8025	0.6492530592180339
0.805	0.6770942538532572
0.8075	0.7057774245118644
0.81	0.7353358534457701
0.8125	0.7658045977011492
0.8150000000000001	0.7972206090387914
0.8175	0.8296228637108778
0.8200000000000001	0.8630525030525042
0.8225	0.8975529859541331
0.8250000000000001	0.9331702544031326
0.8275	0.9699529134201714
0.8300000000000001	1.007952426872389
0.8325	1.0472233308220158
0.835	1.0878234662703328
0.8375	1.1298142333856622
0.84	1.1732608695652165
0.8425	1.2182327539790232
0.845	1.2648037415858022
0.8475	1.3130525300028844
0.85	1.3630630630630625
0.8525	1.4149249754111497
0.855	1.4687340830932234
0.8575	1.5245929257868769
0.86	1.5826113671274953
0.8625	1.6429072605247117
0.865	1.7056071889583961
0.8675	1.7305769174962558
0.87	1.728081341215065
0.8725	1.7255898232192277
0.875	1.7231023627076478
0.8775000000000001	1.7206189588464302
0.88	1.7181396107689197
0.8825000000000001	1.7156643175757502
0.885	1.713193078334883
0.8875000000000001	1.7107258920816588
0.89	1.7082627578188416
0.8925000000000001	1.7058036745166696
0.895	1.7033486411129037
0.8975	1.7008976565128815
0.9	1.6984507195895675
0.9025	1.6960078291836085
0.905	1.6935689841033894
0.9075	1.6911341831250875
0.91	1.688703424992733
0.9125	1.6862767084182668
0.915	1.6838540320816011
0.9175	1.6814353946306813
0.92	1.6790207946815472
0.9225	1.6766102308183992
0.925	1.674203701593663
0.9275	1.6718012055280556
0.93	1.6694027411106527
0.9325	1.6670083067989596
0.935	1.664617901018978
0.9375	1.6622315221652808
0.9400000000000001	1.659849168601082
0.9425	1.6574708386583126
0.9450000000000001	1.6550965306376921
0.9475	1.6527262428088094
0.9500000000000001	1.650359973410195
0.9525	1.6479977206494034
0.9550000000000001	1.6456394827030885
0.9575	1.6432852577170887
0.96	1.640935043806504
0.9625	1.6385888390557832
0.965	1.6362466415188046
0.9675	1.633908449218962
0.97	1.6315742601492524
0.9725	1.62924407227236
0.975	1.6269178835207483
0.9775	1.6245956917967455
0.98	1.6222774949726395
0.9825	1.6199632908907633
0.985	1.6176530773635949
0.9875	1.615346852173844
0.99	1.613044613074552
0.9925	1.610746357789183
0.995	1.608452084011724
0.9975	1.6061617894067806
1.	1.6038754716096766
1.0025	1.6015931282265523
1.0050000000000001	1.5993147568344666
1.0075	1.5970403549814967
1.01	1.594769920186844
1.0125	1.592503449940932
1.0150000000000001	1.5902409417055159
1.0175	1.5879823929137857
1.02	1.5857278009704718
1.0225	1.5834771632519526
1.025	1.5812304771063637
1.0275	1.5789877398537042
1.03	1.57674894878595
1.0325	1.574514101167161
1.035	1.5722831942335946
1.0375	1.5700562251938175
1.04	1.5678331912288184
1.0425	1.5656140894921229
1.045	1.563398917109908
1.0475	1.561187671181117
1.05	1.558980348777578
1.0525	1.5567769469441177
1.055	1.554577462698683
1.0575	1.552381893032457
1.06	1.550190234909981
1.0625	1.5480024852692729
1.065	1.5458186410219477
1.0675000000000001	1.5436386990533415
1.07	1.5414626562226332
1.0725	1.5392905093629663
1.075	1.537122255281574
1.0775000000000001	1.534957890759903
1.08	1.5327974125537405
1.0825	1.5306408173933375
1.085	1.528488101983537
1.0875000000000001	1.526339263003901
1.09	1.524194297108839
1.0925	1.5220532009277332
1.095	1.519915971065072
1.0975	1.517782604100577
1.1	1.5156530965893338
1.1025	1.513527445061924
1.105	1.5114056460245529
1.1075	1.5092876959591868
1.11	1.507173591323681
1.1125	1.5050633285519166
1.115	1.5029569040539301
1.1175	1.5008543142160504
1.12	1.4987555554010326
1.1225	1.496660623948193
1.125	1.4945695161735453
1.1275	1.4924822283699355
1.1300000000000001	1.4903987568071786
1.1325	1.4883190977321976
1.135	1.4862432473691585
1.1375	1.4841712019196092
1.1400000000000001	1.482102957562617
1.1425	1.4800385104549099
1.145	1.4779778567310111
1.1475	1.475920992503384
1.1500000000000001	1.473867913862567
1.1525	1.471818616877318
1.155	1.4697730975947514
1.1575	1.4677313520404818
1.16	1.4656933762187638
1.1625	1.4636591661126341
1.165	1.4616287176840532
1.1675	1.459602026874049
1.17	1.457579089602857
1.1725	1.455559901770065
1.175	1.4535444592547555
1.1775	1.4515327579156494
1.18	1.4495247935912492
1.1825	1.4475205620999838
1.185	1.4455200592403517
1.1875	1.443523280791065
1.19	1.441530222511196
1.1925000000000001	1.4395408801403202
1.195	1.437555249398661
1.1975	1.4355733259872379
1.2	1.4335951055880065
1.2025000000000001	1.4316205838640095
1.205	1.4296497564595196
1.2075	1.4276826190001854
1.21	1.4257191670931788
1.2125000000000001	1.4237593963273372
1.215	1.4218033022733167
1.2175	1.4198508804837315
1.22	1.4179021264933036
1.2225	1.4159570358190097
1.225	1.4140156039602259
1.2275	1.4120778263988765
1.23	1.4101436985995792
1.2325	1.4082132160097927
1.235	1.4062863740599623
1.2375	1.404363168163669
1.24	1.4024435937177748
1.2425	1.400527646102569
1.245	1.398615320681917
1.2475	1.3967066128034067
1.25	1.394801517798493
1.2525	1.392900030982649
1.2550000000000001	1.3910021476555088
1.2575	1.3891078631010174
1.26	1.387217172587576
1.2625	1.3853300713681869
1.2650000000000001	1.3834465546806056
1.2675	1.381566617747481
1.27	1.3796902557765063
1.2725	1.3778174639605638
1.2750000000000001	1.3759482374778713
1.2775	1.3740825714921288
1.28	1.3722204611526638
1.2825	1.370361901594578
1.285	1.368506887938893
1.2875	1.366655415292696
1.29	1.3648074787492863
1.2925	1.3629630733883173
1.295	1.3611221942759473
1.2975	1.359284836464979
1.3	1.3574509949950095
1.3025	1.3556206648925702
1.305	1.3537938411712753
1.3075	1.3519705188319646
1.31	1.350150692862846
1.3125	1.3483343582396432
1.315	1.346521509925736
1.3175000000000001	1.344712142872305
1.32	1.3429062520184756
1.3225	1.3411038322914606
1.325	1.3393048786067014
1.3275000000000001	1.3375093858680127
1.33	1.3357173489677243
1.3325	1.3339287627868213
1.335	1.3321436221950886
1.3375000000000001	1.3303619220512495
1.34	1.3285836572031096
1.3425	1.3268088224876948
1.345	1.3250374127313944
1.3475	1.3232694227500987
1.35	1.3215048473493423
1.3525	1.3197436813244403
1.355	1.3179859194606296
1.3575	1.3162315565332063
1.36	1.3144805873076664
1.3625	1.3127330065398426
1.365	1.3109888089760418
1.3675	1.3092479893531834
1.37	1.3075105423989368
1.3725	1.305776462831857
1.375	1.3040457453615228
1.3775	1.3023183846886703
1.3800000000000001	1.300594375505331
1.3825	1.298873712494966
1.385	1.297156390332601
1.3875	1.29544240368496
1.3900000000000001	1.2937317472106007
1.3925	1.2920244155600482
1.395	1.290320403375926
1.3975	1.2886197052930917
1.4000000000000001	1.2869223159387673
1.4025	1.2852282299326725
1.405	1.283537441887155
1.4075	1.2818499464073234
1.41	1.2801657380911757
1.4125	1.2784848115297307
1.415	1.2768071613071577
1.4175	1.2751327820009057
1.42	1.2734616681818318
1.4225	1.2717938144143295
1.425	1.2701292152564583
1.4275	1.2684678652600683
1.43	1.2668097589709295
1.4325	1.2651548909288577
1.435	1.263503255667838
1.4375	1.2618548477161549
1.44	1.2602096615965137
1.4425000000000001	1.2585676918261655
1.445	1.2569289329170332
1.4475	1.255293379375832
1.45	1.2536610257041942
1.4525000000000001	1.252031866398792
1.455	1.2504058959514575
1.4575	1.2487831088493073
1.46	1.2471634995748602
1.4625000000000001	1.2455470626061582
1.465	1.2439337924168892
1.4675	1.2423236834765012
1.47	1.2407167302503277
1.4725	1.2391129271996988
1.475	1.2375122687820643
1.4775	1.2359147494511094
1.48	1.2343203636568696
1.4825	1.2327291058458485
1.485	1.2311409704611338
1.4875	1.2295559519425108
1.49	1.2279740447265777
1.4925	1.2263952432468594
1.495	1.2248195419339198
1.4975	1.223246935215477
1.5	1.2216774175165128
1.5025	1.220110983259386
1.5050000000000001	1.2185476268639428
1.5075	1.216987342747628
1.51	1.215430125325594
1.5125	1.2138759690108099
1.5150000000000001	1.2123248682141725
1.5175	1.2107768173446125
1.52	1.2092318108092017
1.5225	1.2076898430132625
1.5250000000000001	1.2061509083604711
1.5275	1.204615001252967
1.53	1.2030821160914558
1.5325	1.201552247275314
1.5350000000000001	1.2000253892026942
1.5375	1.1985015362706295
1.54	1.1969806828751333
1.5425	1.1954628234113036
1.545	1.1939479522734278
1.5475	1.1924360638550768
1.55	1.190927152549213
1.5525	1.1894212127482848
1.555	1.18791823884433
1.5575	1.1864182252290716
1.56	1.1849211662940187
1.5625	1.1834270564305611
1.565	1.1819358900300698
1.5675000000000001	1.1804476614839903
1.57	1.1789623651839412
1.5725	1.1774799955218072
1.575	1.1760005468898342
1.5775000000000001	1.1745240136807253
1.58	1.173050390287732
1.5825	1.1715796711047477
1.585	1.1701118505264005
1.5875000000000001	1.1686469229481442
1.59	1.1671848827663502
1.5925	1.1657257243783974
1.595	1.1642694421827606
1.5975000000000001	1.1628160305791035
1.6	1.1613654839683636
1.6025	1.1599177967528427
1.605	1.158472963336293
1.6075	1.1570309781240042
1.61	1.1555918355228907
1.6125	1.1541555299415762
1.615	1.1527220557904791
1.6175	1.1512914074818972
1.62	1.149863579430091
1.6225	1.148438566051368
1.625	1.147016361764165
1.6275	1.145596960989129
1.6300000000000001	1.1441803581492003
1.6325	1.1427665476696922
1.635	1.1413555239783726
1.6375	1.1399472815055425
1.6400000000000001	1.1385418146841157
1.6425	1.1371391179496975
1.645	1.1357391857406611
1.6475	1.1343420124982284
1.6500000000000001	1.1329475926665418
1.6525	1.1315559206927457
1.655	1.1301669910270578
1.6575	1.128780798122846
1.6600000000000001	1.1273973364367031
1.6625	1.1260166004285193
1.665	1.1246385845615567
1.6675	1.1232632833025216
1.67	1.1218906911216355
1.6725	1.1205208024927087
1.675	1.1191536118932097
1.6775	1.1177891138043345
1.68	1.1164273027110798
1.6825	1.1150681731023082
1.685	1.113711719470819
1.6875	1.1123579363134173
1.69	1.1110068181309782
1.6925000000000001	1.109658359428516
1.695	1.1083125547152513
1.6975	1.1069693985046736
1.7	1.105628885314609
1.7025000000000001	1.104291009667285
1.705	1.102955766089392
1.7075	1.1016231491121509
1.71	1.1002931532713713
1.7125000000000001	1.0989657731075166
1.715	1.0976410031657673
1.7175	1.096318837996078
1.72	1.0949992721532418
1.7225000000000001	1.093682300196949
1.725	1.0923679166918456
1.7275	1.091056116207596
1.73	1.0897468933189367
1.7325	1.088440242605738
1.735	1.0871361586530597
1.7375	1.085834636051208
1.74	1.0845356693957926
1.7425	1.0832392532877821
1.745	1.0819453823335592
1.7475	1.0806540511449751
1.75	1.0793652543394048
1.7525	1.0780789865397988
1.7550000000000001	1.076795242374739
1.7575	1.0755140164784882
1.76	1.074235303491045
1.7625	1.0729590980581936
1.7650000000000001	1.071685394831556
1.7675	1.0704141884686404
1.77	1.069145473632894
1.7725	1.067879244993751
1.7750000000000001	1.0666154972266813
1.7775	1.0653542250132402
1.78	1.0640954230411142
1.7825	1.0628390860041719
1.7850000000000001	1.061585208602507
1.7875	1.0603337855424877
1.79	1.0590848115368021
1.7925	1.057838281304501
1.795	1.0565941895710478
1.7975	1.0553525310683582
1.8	1.0541133005348466
1.8025	1.05287649271547
1.805	1.0516421023617688
1.8075	1.0504101242319117
1.81	1.049180553090736
1.8125	1.047953383709791
1.815	1.046728610867376
1.8175000000000001	1.0455062293485844
1.82	1.0442862339453414
1.8225	1.0430686194564447
1.825	1.0418533806876036
1.8275000000000001	1.040640512451477
1.83	1.0394300095677136
1.8325	1.0382218668629863
1.835	1.0370160791710334
1.8375000000000001	1.0358126413326922
1.84	1.0346115481959375
1.8425	1.0334127946159173
1.845	1.0322163754549867
1.8475000000000001	1.0310222855827451
1.85	1.0298305198760702
1.8525	1.028641073219151
1.855	1.0274539405035226
1.8575	1.0262691166280997
1.86	1.0250865964992086
1.8625	1.0239063750306205
1.865	1.0227284471435831
1.8675	1.0215528077668516
1.87	1.0203794518367206
1.8725	1.019208374297055
1.875	1.01803957009932
1.8775	1.0168730342026098
1.8800000000000001	1.0157087615736788
1.8825	1.0145467471869711
1.885	1.0133869860246456
1.8875	1.0122294730766086
1.8900000000000001	1.011074203340539
1.8925	1.0099211718219152
1.895	1.0087703735340459
1.8975	1.0076218034980906
1.9000000000000001	1.006475456743092
1.9025	1.005331328305998
1.905	1.0041894132316875
1.9075	1.0030497065729973
1.9100000000000001	1.0019122033907444
1.9125	1.000776898753752
1.915	0.9996437877388726
1.9175	0.998512865431011
1.92	0.9973841269231487
1.9225	0.9962575673163656
1.925	0.9951331817198625
1.9275	0.9940109652509832
1.93	0.9928909130352365
1.9325	0.9917730202063163
1.935	0.9906572819061242
1.9375	0.9895436932847885
1.94	0.9884322495006846
1.9425000000000001	0.9873229457204555
1.945	0.9862157771190309
1.9475	0.9851107388796458
1.95	0.9840078261938603
1.9525000000000001	0.9829070342615758
1.955	0.9818083582910561
1.9575	0.980711793498943
1.96	0.9796173351102744
1.9625000000000001	0.9785249783585006
1.965	0.9774347184855019
1.9675	0.9763465507416036
1.97	0.9752604703855947
1.9725000000000001	0.9741764726847402
1.975	0.9730945529147988
1.9775	0.9720147063600368
1.98	0.9709369283132432
1.9825000000000002	0.9698612140757443
1.985	0.9687875589574175
1.9875	0.9677159582767048
1.99	0.9666464073606261
1.9925	0.9655789015447941
1.995	0.9645134361734242
1.9975	0.9634500065993491
2.	0.9623886081840312