0.000000e+00 4.500000e+02 1.380000e+02
2.500000e-01 4.500000e+02 1.380000e+02
5.000000e-01 4.500000e+02 1.380000e+02
7.500000e-01 4.500000e+02 1.380000e+02
1.000000e+00 4.500000e+02 1.380000e+02
1.250000e+00 4.500000e+02 1.380000e+02
1.500000e+00 4.500000e+02 1.380000e+02
1.750000e+00 4.500000e+02 1.380000e+02
2.000000e+00 4.500000e+02 1.380000e+02
2.250000e+00 4.500000e+02 1.380000e+02
2.500000e+00 4.500000e+02 1.380000e+02
2.750000e+00 4.500000e+02 1.380000e+02
3.000000e+00 4.500000e+02 1.380000e+02
3.250000e+00 4.500000e+02 1.380000e+02
3.500000e+00 4.500000e+02 1.380000e+02
3.750000e+00 4.500000e+02 1.380000e+02
4.000000e+00 4.500000e+02 1.380000e+02
4.250000e+00 4.500000e+02 1.380000e+02
4.500000e+00 4.500000e+02 1.380000e+02
4.750000e+00 4.500000e+02 1.380000e+02
5.000000e+00 4.500000e+02 1.380000e+02
5.250000e+00 4.500000e+02 1.380000e+02
5.500000e+00 4.500000e+02 1.380000e+02
5.750000e+00 4.500000e+02 1.380000e+02
6.000000e+00 4.500000e+02 1.380000e+02
6.250000e+00 4.500000e+02 1.380000e+02
6.500000e+00 4.500000e+02 1.380000e+02
6.750000e+00 4.500000e+02 1.380000e+02
7.000000e+00 4.500000e+02 1.380000e+02
7.250000e+00 4.500000e+02 1.380000e+02
7.500000e+00 4.500000e+02 1.380000e+02
7.750000e+00 4.500000e+02 1.380000e+02
8.000000e+00 4.500000e+02 1.380000e+02
8.250000e+00 4.500000e+02 1.380000e+02
8.500000e+00 4.500000e+02 1.380000e+02
8.750000e+00 4.500000e+02 1.380000e+02
9.000000e+00 4.500000e+02 1.380000e+02
9.250000e+00 4.500000e+02 1.380000e+02
9.500000e+00 4.500000e+02 1.380000e+02
9.750000e+00 4.500000e+02 1.380000e+02
1.000000e+01 4.500000e+02 1.380000e+02
1.025000e+01 4.500000e+02 1.380000e+02
1.050000e+01 4.500000e+02 1.380000e+02
1.075000e+01 4.500000e+02 1.380000e+02
1.100000e+01 4.500000e+02 1.380000e+02
1.125000e+01 4.500000e+02 1.380000e+02
1.150000e+01 4.500000e+02 1.380000e+02
1.175000e+01 4.500000e+02 1.380000e+02
1.200000e+01 4.500000e+02 1.380000e+02
1.225000e+01 4.500000e+02 1.380000e+02
1.250000e+01 4.500000e+02 1.380000e+02
1.275000e+01 4.500000e+02 1.380000e+02
1.300000e+01 4.500000e+02 1.380000e+02
1.325000e+01 4.500000e+02 1.380000e+02
1.350000e+01 4.500000e+02 1.380000e+02
1.375000e+01 4.500000e+02 1.380000e+02
1.400000e+01 4.500000e+02 1.380000e+02
1.425000e+01 4.500000e+02 1.380000e+02
1.450000e+01 4.500000e+02 1.380000e+02
1.475000e+01 4.500000e+02 1.380000e+02
1.500000e+01 4.500000e+02 1.380000e+02
1.525000e+01 4.500000e+02 1.380000e+02
1.550000e+01 4.500000e+02 1.380000e+02
1.575000e+01 4.500000e+02 1.380000e+02
1.600000e+01 4.500000e+02 1.380000e+02
1.625000e+01 4.500000e+02 1.380000e+02
1.650000e+01 4.500000e+02 1.380000e+02
1.675000e+01 4.500000e+02 1.380000e+02
1.700000e+01 4.500000e+02 1.380000e+02
1.725000e+01 4.500000e+02 1.380000e+02
1.750000e+01 4.500000e+02 1.380000e+02
1.775000e+01 4.500000e+02 1.380000e+02
1.800000e+01 4.500000e+02 1.380000e+02
1.825000e+01 4.500000e+02 1.380000e+02
1.850000e+01 4.500000e+02 1.380000e+02
1.875000e+01 4.500000e+02 1.380000e+02
1.900000e+01 4.500000e+02 1.380000e+02
1.925000e+01 4.500000e+02 1.380000e+02
1.950000e+01 4.499999e+02 1.380000e+02
1.975000e+01 4.499999e+02 1.380000e+02
2.000000e+01 4.499999e+02 1.380000e+02
2.025000e+01 4.499999e+02 1.380000e+02
2.050000e+01 4.499999e+02 1.380000e+02
2.075000e+01 4.499998e+02 1.380000e+02
2.100000e+01 4.499998e+02 1.380000e+02
2.125000e+01 4.499998e+02 1.380000e+02
2.150000e+01 4.499997e+02 1.380000e+02
2.175000e+01 4.499997e+02 1.380000e+02
2.200000e+01 4.499996e+02 1.380000e+02
2.225000e+01 4.499996e+02 1.380000e+02
2.250000e+01 4.499995e+02 1.380000e+02
2.275000e+01 4.499994e+02 1.380000e+02
2.300000e+01 4.499993e+02 1.380000e+02
2.325000e+01 4.499992e+02 1.380000e+02
2.350000e+01 4.499990e+02 1.380000e+02
2.375000e+01 4.499989e+02 1.380000e+02
2.400000e+01 4.499987e+02 1.380000e+02
2.425000e+01 4.499985e+02 1.380000e+02
2.450000e+01 4.499983e+02 1.380000e+02
2.475000e+01 4.499980e+02 1.380000e+02
2.500000e+01 4.499978e+02 1.380000e+02
2.525000e+01 4.499975e+02 1.380001e+02
2.550000e+01 4.499971e+02 1.380001e+02
2.575000e+01 4.499967e+02 1.380001e+02
2.600000e+01 4.499963e+02 1.380001e+02
2.625000e+01 4.499958e+02 1.380001e+02
2.650000e+01 4.499953e+02 1.380001e+02
2.675000e+01 4.499947e+02 1.380001e+02
2.700000e+01 4.499941e+02 1.380001e+02
2.725000e+01 4.499934e+02 1.380002e+02
2.750000e+01 4.499926e+02 1.380002e+02
2.775000e+01 4.499918e+02 1.380002e+02
2.800000e+01 4.499909e+02 1.380002e+02
2.825000e+01 4.499899e+02 1.380003e+02
2.850000e+01 4.499888e+02 1.380003e+02
2.875000e+01 4.499876e+02 1.380003e+02
2.900000e+01 4.499863e+02 1.380003e+02
2.925000e+01 4.499849e+02 1.380004e+02
2.950000e+01 4.499833e+02 1.380004e+02
2.975000e+01 4.499817e+02 1.380005e+02
3.000000e+01 4.499799e+02 1.380005e+02
3.025000e+01 4.499780e+02 1.380006e+02
3.050000e+01 4.499759e+02 1.380006e+02
3.075000e+01 4.499737e+02 1.380007e+02
3.100000e+01 4.499713e+02 1.380008e+02
3.125000e+01 4.499687e+02 1.380009e+02
3.150000e+01 4.499660e+02 1.380009e+02
3.175000e+01 4.499630e+02 1.380010e+02
3.200000e+01 4.499599e+02 1.380011e+02
3.225000e+01 4.499565e+02 1.380012e+02
3.250000e+01 4.499529e+02 1.380013e+02
3.275000e+01 4.499490e+02 1.380014e+02
3.300000e+01 4.499449e+02 1.380016e+02
3.325000e+01 4.499406e+02 1.380017e+02
3.350000e+01 4.499359e+02 1.380019e+02
3.375000e+01 4.499310e+02 1.380020e+02
3.400000e+01 4.499258e+02 1.380022e+02
3.425000e+01 4.499203e+02 1.380024e+02
3.450000e+01 4.499144e+02 1.380025e+02
3.475000e+01 4.499082e+02 1.380027e+02
3.500000e+01 4.499016e+02 1.380030e+02
3.525000e+01 4.498947e+02 1.380032e+02
3.550000e+01 4.498874e+02 1.380034e+02
3.575000e+01 4.498797e+02 1.380037e+02
3.600000e+01 4.498715e+02 1.380040e+02
3.625000e+01 4.498630e+02 1.380043e+02
3.650000e+01 4.498540e+02 1.380046e+02
3.675000e+01 4.498445e+02 1.380049e+02
3.700000e+01 4.498345e+02 1.380052e+02
3.725000e+01 4.498241e+02 1.380056e+02
3.750000e+01 4.498131e+02 1.380060e+02
3.775000e+01 4.498016e+02 1.380064e+02
3.800000e+01 4.497896e+02 1.380068e+02
3.825000e+01 4.497769e+02 1.380073e+02
3.850000e+01 4.497637e+02 1.380077e+02
3.875000e+01 4.497499e+02 1.380082e+02
3.900000e+01 4.497355e+02 1.380087e+02
3.925000e+01 4.497204e+02 1.380093e+02
3.950000e+01 4.497047e+02 1.380099e+02
3.975000e+01 4.496882e+02 1.380105e+02
4.000000e+01 4.496711e+02 1.380111e+02
4.025000e+01 4.496533e+02 1.380118e+02
4.050000e+01 4.496347e+02 1.380125e+02
4.075000e+01 4.496153e+02 1.380132e+02
4.100000e+01 4.495952e+02 1.380140e+02
4.125000e+01 4.495742e+02 1.380148e+02
4.150000e+01 4.495524e+02 1.380156e+02
4.175000e+01 4.495298e+02 1.380165e+02
4.200000e+01 4.495063e+02 1.380174e+02
4.225000e+01 4.494819e+02 1.380184e+02
4.250000e+01 4.494566e+02 1.380193e+02
4.275000e+01 4.494303e+02 1.380204e+02
4.300000e+01 4.494031e+02 1.380215e+02
4.325000e+01 4.493749e+02 1.380226e+02
4.350000e+01 4.493457e+02 1.380238e+02
4.375000e+01 4.493155e+02 1.380250e+02
4.400000e+01 4.492842e+02 1.380262e+02
4.425000e+01 4.492519e+02 1.380276e+02
4.450000e+01 4.492184e+02 1.380289e+02
4.475000e+01 4.491838e+02 1.380304e+02
4.500000e+01 4.491481e+02 1.380318e+02
4.525000e+01 4.491112e+02 1.380334e+02
4.550000e+01 4.490731e+02 1.380350e+02
4.575000e+01 4.490338e+02 1.380366e+02
4.600000e+01 4.489932e+02 1.380383e+02
4.625000e+01 4.489514e+02 1.380401e+02
4.650000e+01 4.489083e+02 1.380419e+02
4.675000e+01 4.488638e+02 1.380438e+02
4.700000e+01 4.488180e+02 1.380458e+02
4.725000e+01 4.487708e+02 1.380479e+02
4.750000e+01 4.487223e+02 1.380500e+02
4.775000e+01 4.486723e+02 1.380521e+02
4.800000e+01 4.486209e+02 1.380544e+02
4.825000e+01 4.485680e+02 1.380567e+02
4.850000e+01 4.485136e+02 1.380591e+02
4.875000e+01 4.484576e+02 1.380616e+02
4.900000e+01 4.484002e+02 1.380642e+02
4.925000e+01 4.483411e+02 1.380669e+02
4.950000e+01 4.482805e+02 1.380696e+02
4.975000e+01 4.482182e+02 1.380724e+02
5.000000e+01 4.481542e+02 1.380753e+02
5.025000e+01 4.480886e+02 1.380783e+02
5.050000e+01 4.480213e+02 1.380814e+02
5.075000e+01 4.479522e+02 1.380846e+02
5.100000e+01 4.478814e+02 1.380879e+02
5.125000e+01 4.478088e+02 1.380913e+02
5.150000e+01 4.477343e+02 1.380948e+02
5.175000e+01 4.476581e+02 1.380983e+02
5.200000e+01 4.475799e+02 1.381020e+02
5.225000e+01 4.474999e+02 1.381058e+02
5.250000e+01 4.474179e+02 1.381097e+02
5.275000e+01 4.473340e+02 1.381137e+02
5.300000e+01 4.472481e+02 1.381179e+02
5.325000e+01 4.471602e+02 1.381221e+02
5.350000e+01 4.470703e+02 1.381264e+02
5.375000e+01 4.469783e+02 1.381309e+02
5.400000e+01 4.468842e+02 1.381355e+02
5.425000e+01 4.467880e+02 1.381402e+02
5.450000e+01 4.466897e+02 1.381451e+02
5.475000e+01 4.465892e+02 1.381500e+02
5.500000e+01 4.464864e+02 1.381551e+02
5.525000e+01 4.463815e+02 1.381604e+02
5.550000e+01 4.462743e+02 1.381657e+02
5.575000e+01 4.461648e+02 1.381712e+02
5.600000e+01 4.460530e+02 1.381769e+02
5.625000e+01 4.459389e+02 1.381827e+02
5.650000e+01 4.458224e+02 1.381886e+02
5.675000e+01 4.457035e+02 1.381946e+02
5.700000e+01 4.455822e+02 1.382009e+02
5.725000e+01 4.454584e+02 1.382072e+02
5.750000e+01 4.453321e+02 1.382138e+02
5.775000e+01 4.452034e+02 1.382204e+02
5.800000e+01 4.450720e+02 1.382273e+02
5.825000e+01 4.449382e+02 1.382343e+02
5.850000e+01 4.448017e+02 1.382414e+02
5.875000e+01 4.446626e+02 1.382488e+02
5.900000e+01 4.445208e+02 1.382563e+02
5.925000e+01 4.443764e+02 1.382639e+02
5.950000e+01 4.442292e+02 1.382718e+02
5.975000e+01 4.440793e+02 1.382798e+02
6.000000e+01 4.439266e+02 1.382880e+02
6.025000e+01 4.437711e+02 1.382963e+02
6.050000e+01 4.436128e+02 1.383049e+02
6.075000e+01 4.434516e+02 1.383137e+02
6.100000e+01 4.432876e+02 1.383226e+02
6.125000e+01 4.431206e+02 1.383317e+02
6.150000e+01 4.429507e+02 1.383411e+02
6.175000e+01 4.427777e+02 1.383506e+02
6.200000e+01 4.426018e+02 1.383603e+02
6.225000e+01 4.424228e+02 1.383702e+02
6.250000e+01 4.422408e+02 1.383804e+02
6.275000e+01 4.420556e+02 1.383907e+02
6.300000e+01 4.418673e+02 1.384013e+02
6.325000e+01 4.416759e+02 1.384121e+02
6.350000e+01 4.414812e+02 1.384231e+02
6.375000e+01 4.412834e+02 1.384343e+02
6.400000e+01 4.410822e+02 1.384457e+02
6.425000e+01 4.408778e+02 1.384574e+02
6.450000e+01 4.406701e+02 1.384693e+02
6.475000e+01 4.404590e+02 1.384814e+02
6.500000e+01 4.402445e+02 1.384938e+02
6.525000e+01 4.400266e+02 1.385064e+02
6.550000e+01 4.398053e+02 1.385193e+02
6.575000e+01 4.395804e+02 1.385324e+02
6.600000e+01 4.393521e+02 1.385458e+02
6.625000e+01 4.391202e+02 1.385594e+02
6.650000e+01 4.388848e+02 1.385733e+02
6.675000e+01 4.386457e+02 1.385874e+02
6.700000e+01 4.384030e+02 1.386018e+02
6.725000e+01 4.381566e+02 1.386165e+02
6.750000e+01 4.379064e+02 1.386314e+02
6.775000e+01 4.376526e+02 1.386466e+02
6.800000e+01 4.373950e+02 1.386621e+02
6.825000e+01 4.371335e+02 1.386779e+02
6.850000e+01 4.368682e+02 1.386940e+02
6.875000e+01 4.365990e+02 1.387103e+02
6.900000e+01 4.363259e+02 1.387270e+02
6.925000e+01 4.360489e+02 1.387439e+02
6.950000e+01 4.357678e+02 1.387612e+02
6.975000e+01 4.354828e+02 1.387787e+02
7.000000e+01 4.351936e+02 1.387966e+02
7.025000e+01 4.349004e+02 1.388147e+02
7.050000e+01 4.346030e+02 1.388332e+02
7.075000e+01 4.343015e+02 1.388520e+02
7.100000e+01 4.339958e+02 1.388712e+02
7.125000e+01 4.336858e+02 1.388907e+02
7.150000e+01 4.333715e+02 1.389105e+02
7.175000e+01 4.330529e+02 1.389306e+02
7.200000e+01 4.327300e+02 1.389511e+02
7.225000e+01 4.324026e+02 1.389719e+02
7.250000e+01 4.320709e+02 1.389931e+02
7.275000e+01 4.317346e+02 1.390146e+02
7.300000e+01 4.313938e+02 1.390365e+02
7.325000e+01 4.310485e+02 1.390588e+02
7.350000e+01 4.306986e+02 1.390814e+02
7.375000e+01 4.303440e+02 1.391044e+02
7.400000e+01 4.299848e+02 1.391278e+02
7.425000e+01 4.296208e+02 1.391516e+02
7.450000e+01 4.292521e+02 1.391758e+02
7.475000e+01 4.288786e+02 1.392003e+02
7.500000e+01 4.285002e+02 1.392253e+02
7.525000e+01 4.281169e+02 1.392506e+02
7.550000e+01 4.277287e+02 1.392764e+02
7.575000e+01 4.273355e+02 1.393026e+02
7.600000e+01 4.269373e+02 1.393292e+02
7.625000e+01 4.265340e+02 1.393562e+02
7.650000e+01 4.261256e+02 1.393837e+02
7.675000e+01 4.257121e+02 1.394116e+02
7.700000e+01 4.252933e+02 1.394399e+02
7.725000e+01 4.248693e+02 1.394687e+02
7.750000e+01 4.244400e+02 1.394980e+02
7.775000e+01 4.240053e+02 1.395277e+02
7.800000e+01 4.235652e+02 1.395578e+02
7.825000e+01 4.231196e+02 1.395885e+02
7.850000e+01 4.226686e+02 1.396196e+02
7.875000e+01 4.222120e+02 1.396512e+02
7.900000e+01 4.217498e+02 1.396833e+02
7.925000e+01 4.212819e+02 1.397159e+02
7.950000e+01 4.208084e+02 1.397490e+02
7.975000e+01 4.203290e+02 1.397826e+02
8.000000e+01 4.198439e+02 1.398167e+02
8.025000e+01 4.193528e+02 1.398514e+02
8.050000e+01 4.188559e+02 1.398866e+02
8.075000e+01 4.183529e+02 1.399223e+02
8.100000e+01 4.178439e+02 1.399585e+02
8.125000e+01 4.173288e+02 1.399954e+02
8.150000e+01 4.168075e+02 1.400328e+02
8.175000e+01 4.162800e+02 1.400707e+02
8.200000e+01 4.157462e+02 1.401092e+02
8.225000e+01 4.152061e+02 1.401483e+02
8.250000e+01 4.146595e+02 1.401880e+02
8.275000e+01 4.141065e+02 1.402284e+02
8.300000e+01 4.135470e+02 1.402693e+02
8.325000e+01 4.129808e+02 1.403108e+02
8.350000e+01 4.124080e+02 1.403530e+02
8.375000e+01 4.118284e+02 1.403958e+02
8.400000e+01 4.112420e+02 1.404392e+02
8.425000e+01 4.106487e+02 1.404833e+02
8.450000e+01 4.100485e+02 1.405281e+02
8.475000e+01 4.094412e+02 1.405735e+02
8.500000e+01 4.088269e+02 1.406196e+02
8.525000e+01 4.082054e+02 1.406664e+02
8.550000e+01 4.075766e+02 1.407139e+02
8.575000e+01 4.069405e+02 1.407621e+02
8.600000e+01 4.062970e+02 1.408111e+02
8.625000e+01 4.056460e+02 1.408608e+02
8.650000e+01 4.049874e+02 1.409112e+02
8.675000e+01 4.043212e+02 1.409624e+02
8.700000e+01 4.036473e+02 1.410143e+02
8.725000e+01 4.029655e+02 1.410671e+02
8.750000e+01 4.022758e+02 1.411206e+02
8.775000e+01 4.015781e+02 1.411749e+02
8.800000e+01 4.008723e+02 1.412301e+02
8.825000e+01 4.001583e+02 1.412861e+02
8.850000e+01 3.994361e+02 1.413429e+02
8.875000e+01 3.987054e+02 1.414006e+02
8.900000e+01 3.979663e+02 1.414591e+02
8.925000e+01 3.972186e+02 1.415185e+02
8.950000e+01 3.964622e+02 1.415789e+02
8.975000e+01 3.956970e+02 1.416401e+02
9.000000e+01 3.949230e+02 1.417023e+02
9.025000e+01 3.941399e+02 1.417654e+02
9.050000e+01 3.933477e+02 1.418295e+02
9.075000e+01 3.925463e+02 1.418945e+02
9.100000e+01 3.917355e+02 1.419606e+02
9.125000e+01 3.909153e+02 1.420276e+02
9.150000e+01 3.900854e+02 1.420957e+02
9.175000e+01 3.892459e+02 1.421648e+02
9.200000e+01 3.883965e+02 1.422350e+02
9.225000e+01 3.875372e+02 1.423063e+02
9.250000e+01 3.866677e+02 1.423787e+02
9.275000e+01 3.857880e+02 1.424522e+02
9.300000e+01 3.848979e+02 1.425268e+02
9.325000e+01 3.839973e+02 1.426026e+02
9.350000e+01 3.830860e+02 1.426796e+02
9.375000e+01 3.821640e+02 1.427578e+02
9.400000e+01 3.812309e+02 1.428372e+02
9.425000e+01 3.802867e+02 1.429178e+02
9.450000e+01 3.793312e+02 1.429998e+02
9.475000e+01 3.783643e+02 1.430830e+02
9.500000e+01 3.773857e+02 1.431676e+02
9.525000e+01 3.763953e+02 1.432535e+02
9.550000e+01 3.753930e+02 1.433408e+02
9.575000e+01 3.743785e+02 1.434295e+02
9.600000e+01 3.733517e+02 1.435196e+02
9.625000e+01 3.723123e+02 1.436112e+02
9.650000e+01 3.712601e+02 1.437043e+02
9.675000e+01 3.701951e+02 1.437989e+02
9.700000e+01 3.691169e+02 1.438951e+02
9.725000e+01 3.680253e+02 1.439928e+02
9.750000e+01 3.669201e+02 1.440922e+02
9.775000e+01 3.658011e+02 1.441932e+02
9.800000e+01 3.646681e+02 1.442960e+02
9.825000e+01 3.635207e+02 1.444004e+02
9.850000e+01 3.623589e+02 1.445067e+02
9.875000e+01 3.611822e+02 1.446147e+02
9.900000e+01 3.599905e+02 1.447246e+02
9.925000e+01 3.587834e+02 1.448364e+02
9.950000e+01 3.575607e+02 1.449502e+02
9.975000e+01 3.563221e+02 1.450659e+02
1.000000e+02 3.550674e+02 1.451837e+02
1.002500e+02 3.537961e+02 1.453035e+02
1.005000e+02 3.525080e+02 1.454255e+02
1.007500e+02 3.512027e+02 1.455497e+02
1.010000e+02 3.498799e+02 1.456761e+02
1.012500e+02 3.485393e+02 1.458048e+02
1.015000e+02 3.471805e+02 1.459359e+02
1.017500e+02 3.458030e+02 1.460694e+02
1.020000e+02 3.444066e+02 1.462055e+02
1.022500e+02 3.429908e+02 1.463440e+02
1.025000e+02 3.415552e+02 1.464852e+02
1.027500e+02 3.400993e+02 1.466291e+02
1.030000e+02 3.386227e+02 1.467758e+02
1.032500e+02 3.371249e+02 1.469253e+02
1.035000e+02 3.356055e+02 1.470778e+02
1.037500e+02 3.340639e+02 1.472333e+02
1.040000e+02 3.324996e+02 1.473919e+02
1.042500e+02 3.309121e+02 1.475538e+02
1.045000e+02 3.293007e+02 1.477189e+02
1.047500e+02 3.276649e+02 1.478875e+02
1.050000e+02 3.260040e+02 1.480596e+02
1.052500e+02 3.243175e+02 1.482353e+02
1.055000e+02 3.226045e+02 1.484148e+02
1.057500e+02 3.208645e+02 1.485982e+02
1.060000e+02 3.190966e+02 1.487856e+02
1.062500e+02 3.173001e+02 1.489772e+02
1.065000e+02 3.154741e+02 1.491731e+02
1.067500e+02 3.136178e+02 1.493735e+02
1.070000e+02 3.117303e+02 1.495784e+02
1.072500e+02 3.098107e+02 1.497882e+02
1.075000e+02 3.078579e+02 1.500030e+02
1.077500e+02 3.058709e+02 1.502230e+02
1.080000e+02 3.038487e+02 1.504483e+02
1.082500e+02 3.017899e+02 1.506793e+02
1.085000e+02 2.996934e+02 1.509161e+02
1.087500e+02 2.975579e+02 1.511590e+02
1.090000e+02 2.953820e+02 1.514082e+02
1.092500e+02 2.931642e+02 1.516641e+02
1.095000e+02 2.909030e+02 1.519269e+02
1.097500e+02 2.885968e+02 1.521970e+02
1.100000e+02 2.862437e+02 1.524747e+02
1.102500e+02 2.838418e+02 1.527604e+02
1.105000e+02 2.813893e+02 1.530545e+02
1.107500e+02 2.788838e+02 1.533574e+02
1.110000e+02 2.763232e+02 1.536695e+02
1.112500e+02 2.737049e+02 1.539915e+02
1.115000e+02 2.710263e+02 1.543238e+02
1.117500e+02 2.682845e+02 1.546670e+02
1.120000e+02 2.654765e+02 1.550218e+02
1.122500e+02 2.625987e+02 1.553889e+02
1.125000e+02 2.596476e+02 1.557691e+02
1.127500e+02 2.566193e+02 1.561632e+02
1.130000e+02 2.535093e+02 1.565722e+02
1.132500e+02 2.503130e+02 1.569971e+02
1.135000e+02 2.470250e+02 1.574391e+02
1.137500e+02 2.436397e+02 1.578995e+02
1.140000e+02 2.401507e+02 1.583797e+02
1.142500e+02 2.365508e+02 1.588814e+02
1.145000e+02 2.328322e+02 1.594064e+02
1.147500e+02 2.289861e+02 1.599568e+02
1.150000e+02 2.250024e+02 1.605351e+02
1.152500e+02 2.208699e+02 1.611439e+02
1.155000e+02 2.165757e+02 1.617865e+02
1.157500e+02 2.121050e+02 1.624666e+02
1.160000e+02 2.074408e+02 1.631887e+02
1.162500e+02 2.025633e+02 1.639579e+02
1.165000e+02 1.974491e+02 1.647806e+02
1.167500e+02 1.920706e+02 1.656644e+02
1.170000e+02 1.863947e+02 1.666189e+02
1.172500e+02 1.803811e+02 1.676559e+02
1.175000e+02 1.739804e+02 1.687907e+02
1.177500e+02 1.671306e+02 1.700432e+02
1.180000e+02 1.597535e+02 1.714401e+02
1.182500e+02 1.517475e+02 1.730183e+02
1.185000e+02 1.429792e+02 1.748314e+02
1.187500e+02 1.332710e+02 1.769598e+02
1.190000e+02 1.223891e+02 1.795332e+02
1.192500e+02 1.100562e+02 1.827757e+02
1.195000e+02 9.614187e+01 1.871093e+02
1.197500e+02 8.193026e+01 1.933371e+02
1.200000e+02 7.491016e+01 2.022216e+02
1.202500e+02 8.260828e+01 2.117767e+02
1.205000e+02 9.570387e+01 2.196362e+02
1.207500e+02 1.081282e+02 2.259545e+02
1.210000e+02 1.190541e+02 2.312547e+02
1.212500e+02 1.286661e+02 2.358683e+02
1.215000e+02 1.372291e+02 2.399923e+02
1.217500e+02 1.449575e+02 2.437498e+02
1.220000e+02 1.520124e+02 2.472221e+02
1.222500e+02 1.585143e+02 2.504657e+02
1.225000e+02 1.645546e+02 2.535212e+02
1.227500e+02 1.702038e+02 2.564189e+02
1.230000e+02 1.755174e+02 2.591822e+02
1.232500e+02 1.805396e+02 2.618295e+02
1.235000e+02 1.853066e+02 2.643752e+02
1.237500e+02 1.898477e+02 2.668314e+02
1.240000e+02 1.941878e+02 2.692079e+02
1.242500e+02 1.983474e+02 2.715129e+02
1.245000e+02 2.023443e+02 2.737534e+02
1.247500e+02 2.061936e+02 2.759352e+02
1.250000e+02 2.099082e+02 2.780636e+02
1.252500e+02 2.134995e+02 2.801429e+02
1.255000e+02 2.169775e+02 2.821771e+02
1.257500e+02 2.203509e+02 2.841696e+02
1.260000e+02 2.236276e+02 2.861233e+02
1.262500e+02 2.268143e+02 2.880410e+02
1.265000e+02 2.299173e+02 2.899250e+02
1.267500e+02 2.329421e+02 2.917776e+02
1.270000e+02 2.358937e+02 2.936007e+02
1.272500e+02 2.387767e+02 2.953960e+02
1.275000e+02 2.415951e+02 2.971651e+02
1.277500e+02 2.443528e+02 2.989096e+02
1.280000e+02 2.470531e+02 3.006307e+02
1.282500e+02 2.496991e+02 3.023297e+02
1.285000e+02 2.522938e+02 3.040076e+02
1.287500e+02 2.548399e+02 3.056656e+02
1.290000e+02 2.573397e+02 3.073046e+02
1.292500e+02 2.597955e+02 3.089255e+02
1.295000e+02 2.622094e+02 3.105290e+02
1.297500e+02 2.645834e+02 3.121160e+02
1.300000e+02 2.669193e+02 3.136873e+02
1.302500e+02 2.692189e+02 3.152433e+02
1.305000e+02 2.714836e+02 3.167849e+02
1.307500e+02 2.737149e+02 3.183125e+02
1.310000e+02 2.759143e+02 3.198267e+02
1.312500e+02 2.780831e+02 3.213281e+02
1.315000e+02 2.802224e+02 3.228170e+02
1.317500e+02 2.823335e+02 3.242941e+02
1.320000e+02 2.844173e+02 3.257596e+02
1.322500e+02 2.864750e+02 3.272140e+02
1.325000e+02 2.885075e+02 3.286578e+02
1.327500e+02 2.905158e+02 3.300912e+02
1.330000e+02 2.925006e+02 3.315146e+02
1.332500e+02 2.944627e+02 3.329283e+02
1.335000e+02 2.964031e+02 3.343327e+02
1.337500e+02 2.983224e+02 3.357280e+02
1.340000e+02 3.002213e+02 3.371146e+02
1.342500e+02 3.021005e+02 3.384926e+02
1.345000e+02 3.039606e+02 3.398624e+02
1.347500e+02 3.058022e+02 3.412242e+02
1.350000e+02 3.076259e+02 3.425782e+02
1.352500e+02 3.094323e+02 3.439246e+02
1.355000e+02 3.112218e+02 3.452637e+02
1.357500e+02 3.129950e+02 3.465957e+02
1.360000e+02 3.147524e+02 3.479207e+02
1.362500e+02 3.164944e+02 3.492390e+02
1.365000e+02 3.182215e+02 3.505507e+02
1.367500e+02 3.199340e+02 3.518560e+02
1.370000e+02 3.216324e+02 3.531551e+02
1.372500e+02 3.233171e+02 3.544481e+02
1.375000e+02 3.249884e+02 3.557352e+02
1.377500e+02 3.266467e+02 3.570165e+02
1.380000e+02 3.282924e+02 3.582921e+02
1.382500e+02 3.299257e+02 3.595623e+02
1.385000e+02 3.315471e+02 3.608271e+02
1.387500e+02 3.331567e+02 3.620866e+02
1.390000e+02 3.347549e+02 3.633411e+02
1.392500e+02 3.363420e+02 3.645905e+02
1.395000e+02 3.379183e+02 3.658350e+02
1.397500e+02 3.394839e+02 3.670748e+02
1.400000e+02 3.410393e+02 3.683099e+02
1.402500e+02 3.425846e+02 3.695404e+02
1.405000e+02 3.441200e+02 3.707665e+02
1.407500e+02 3.456458e+02 3.719882e+02
1.410000e+02 3.471622e+02 3.732056e+02
1.412500e+02 3.486694e+02 3.744188e+02
1.415000e+02 3.501676e+02 3.756279e+02
1.417500e+02 3.516571e+02 3.768329e+02
1.420000e+02 3.531380e+02 3.780341e+02
1.422500e+02 3.546105e+02 3.792313e+02
1.425000e+02 3.560748e+02 3.804248e+02
1.427500e+02 3.575311e+02 3.816146e+02
1.430000e+02 3.589795e+02 3.828007e+02
1.432500e+02 3.604202e+02 3.839833e+02
1.435000e+02 3.618534e+02 3.851624e+02
1.437500e+02 3.632792e+02 3.863380e+02
1.440000e+02 3.646977e+02 3.875103e+02
1.442500e+02 3.661092e+02 3.886793e+02
1.445000e+02 3.675138e+02 3.898450e+02
1.447500e+02 3.689115e+02 3.910075e+02
1.450000e+02 3.703026e+02 3.921669e+02
1.452500e+02 3.716872e+02 3.933232e+02
1.455000e+02 3.730653e+02 3.944765e+02
1.457500e+02 3.744372e+02 3.956269e+02
1.460000e+02 3.758029e+02 3.967743e+02
1.462500e+02 3.771625e+02 3.979189e+02
1.465000e+02 3.785162e+02 3.990606e+02
1.467500e+02 3.798641e+02 4.001996e+02
1.470000e+02 3.812063e+02 4.013358e+02
1.472500e+02 3.825429e+02 4.024694e+02
1.475000e+02 3.838739e+02 4.036004e+02
1.477500e+02 3.851996e+02 4.047287e+02
1.480000e+02 3.865199e+02 4.058546e+02
1.482500e+02 3.878351e+02 4.069779e+02
1.485000e+02 3.891451e+02 4.080987e+02
1.487500e+02 3.904501e+02 4.092171e+02
1.490000e+02 3.917501e+02 4.103332e+02
1.492500e+02 3.930453e+02 4.114468e+02
1.495000e+02 3.943357e+02 4.125582e+02
1.497500e+02 3.956213e+02 4.136673e+02
1.500000e+02 3.969024e+02 4.147741e+02
1.502500e+02 3.981790e+02 4.158788e+02
1.505000e+02 3.994511e+02 4.169812e+02
1.507500e+02 4.007188e+02 4.180815e+02
1.510000e+02 4.019821e+02 4.191797e+02
1.512500e+02 4.032413e+02 4.202758e+02
1.515000e+02 4.044962e+02 4.213699e+02
1.517500e+02 4.057471e+02 4.224620e+02
1.520000e+02 4.069939e+02 4.235520e+02
1.522500e+02 4.082367e+02 4.246401e+02
1.525000e+02 4.094756e+02 4.257262e+02
1.527500e+02 4.107107e+02 4.268105e+02
1.530000e+02 4.119419e+02 4.278929e+02
1.532500e+02 4.131694e+02 4.289734e+02
1.535000e+02 4.143933e+02 4.300520e+02
1.537500e+02 4.156135e+02 4.311289e+02
1.540000e+02 4.168302e+02 4.322040e+02
1.542500e+02 4.180433e+02 4.332773e+02
1.545000e+02 4.192530e+02 4.343489e+02
1.547500e+02 4.204593e+02 4.354188e+02
1.550000e+02 4.216622e+02 4.364870e+02
1.552500e+02 4.228618e+02 4.375536e+02
1.555000e+02 4.240582e+02 4.386185e+02
1.557500e+02 4.252513e+02 4.396818e+02
1.560000e+02 4.264413e+02 4.407434e+02
1.562500e+02 4.276282e+02 4.418035e+02
1.565000e+02 4.288120e+02 4.428621e+02
1.567500e+02 4.299927e+02 4.439191e+02
1.570000e+02 4.311705e+02 4.449746e+02
1.572500e+02 4.323453e+02 4.460285e+02
1.575000e+02 4.335172e+02 4.470810e+02
1.577500e+02 4.346863e+02 4.481321e+02
1.580000e+02 4.358525e+02 4.491816e+02
1.582500e+02 4.370160e+02 4.502298e+02
1.585000e+02 4.381767e+02 4.512765e+02
1.587500e+02 4.393347e+02 4.523219e+02
1.590000e+02 4.404900e+02 4.533659e+02
1.592500e+02 4.416427e+02 4.544085e+02
1.595000e+02 4.427928e+02 4.554498e+02
1.597500e+02 4.439403e+02 4.564897e+02
1.600000e+02 4.450853e+02 4.575283e+02
1.602500e+02 4.462278e+02 4.585657e+02
1.605000e+02 4.473678e+02 4.596017e+02
1.607500e+02 4.485054e+02 4.606365e+02
1.610000e+02 4.496406e+02 4.616700e+02
1.612500e+02 4.507735e+02 4.627023e+02
1.615000e+02 4.519040e+02 4.637334e+02
1.617500e+02 4.530321e+02 4.647632e+02
1.620000e+02 4.541580e+02 4.657919e+02
1.622500e+02 4.552817e+02 4.668194e+02
1.625000e+02 4.564031e+02 4.678457e+02
1.627500e+02 4.575223e+02 4.688708e+02
1.630000e+02 4.586394e+02 4.698948e+02
1.632500e+02 4.597543e+02 4.709177e+02
1.635000e+02 4.608671e+02 4.719395e+02
1.637500e+02 4.619779e+02 4.729601e+02
1.640000e+02 4.630865e+02 4.739797e+02
1.642500e+02 4.641932e+02 4.749981e+02
1.645000e+02 4.652978e+02 4.760155e+02
1.647500e+02 4.664004e+02 4.770319e+02
1.650000e+02 4.675011e+02 4.780471e+02
1.652500e+02 4.685998e+02 4.790614e+02
1.655000e+02 4.696966e+02 4.800746e+02
1.657500e+02 4.707915e+02 4.810868e+02
1.660000e+02 4.718846e+02 4.820980e+02
1.662500e+02 4.729758e+02 4.831082e+02
1.665000e+02 4.740651e+02 4.841174e+02
1.667500e+02 4.751527e+02 4.851257e+02
1.670000e+02 4.762385e+02 4.861329e+02
1.672500e+02 4.773225e+02 4.871393e+02
1.675000e+02 4.784047e+02 4.881446e+02
1.677500e+02 4.794853e+02 4.891491e+02
1.680000e+02 4.805641e+02 4.901526e+02
1.682500e+02 4.816413e+02 4.911552e+02
1.685000e+02 4.827168e+02 4.921569e+02
1.687500e+02 4.837906e+02 4.931577e+02
1.690000e+02 4.848628e+02 4.941575e+02
1.692500e+02 4.859334e+02 4.951566e+02
1.695000e+02 4.870025e+02 4.961547e+02
1.697500e+02 4.880699e+02 4.971520e+02
1.700000e+02 4.891358e+02 4.981484e+02
1.702500e+02 4.902001e+02 4.991439e+02
1.705000e+02 4.912629e+02 5.001387e+02
1.707500e+02 4.923243e+02 5.011326e+02
1.710000e+02 4.933841e+02 5.021256e+02
1.712500e+02 4.944424e+02 5.031179e+02
1.715000e+02 4.954993e+02 5.041093e+02
1.717500e+02 4.965548e+02 5.051000e+02
1.720000e+02 4.976088e+02 5.060898e+02
1.722500e+02 4.986614e+02 5.070789e+02
1.725000e+02 4.997126e+02 5.080672e+02
1.727500e+02 5.007625e+02 5.090547e+02
1.730000e+02 5.018109e+02 5.100414e+02
1.732500e+02 5.028580e+02 5.110274e+02
1.735000e+02 5.039038e+02 5.120126e+02
1.737500e+02 5.049483e+02 5.129971e+02
1.740000e+02 5.059914e+02 5.139809e+02
1.742500e+02 5.070333e+02 5.149639e+02
1.745000e+02 5.080738e+02 5.159462e+02
1.747500e+02 5.091131e+02 5.169277e+02
1.750000e+02 5.101511e+02 5.179086e+02
1.752500e+02 5.111879e+02 5.188888e+02
1.755000e+02 5.122235e+02 5.198682e+02
1.757500e+02 5.132578e+02 5.208470e+02
1.760000e+02 5.142909e+02 5.218251e+02
1.762500e+02 5.153228e+02 5.228025e+02
1.765000e+02 5.163536e+02 5.237792e+02
1.767500e+02 5.173832e+02 5.247552e+02
1.770000e+02 5.184116e+02 5.257306e+02
1.772500e+02 5.194388e+02 5.267053e+02
1.775000e+02 5.204650e+02 5.276794e+02
1.777500e+02 5.214900e+02 5.286529e+02
1.780000e+02 5.225139e+02 5.296256e+02
1.782500e+02 5.235366e+02 5.305978e+02
1.785000e+02 5.245583e+02 5.315693e+02
1.787500e+02 5.255789e+02 5.325402e+02
1.790000e+02 5.265984e+02 5.335105e+02
1.792500e+02 5.276169e+02 5.344801e+02
1.795000e+02 5.286343e+02 5.354492e+02
1.797500e+02 5.296507e+02 5.364176e+02
1.800000e+02 5.306660e+02 5.373855e+02
1.802500e+02 5.316804e+02 5.383527e+02
1.805000e+02 5.326937e+02 5.393194e+02
1.807500e+02 5.337060e+02 5.402854e+02
1.810000e+02 5.347173e+02 5.412509e+02
1.812500e+02 5.357276e+02 5.422158e+02
1.815000e+02 5.367369e+02 5.431802e+02
1.817500e+02 5.377453e+02 5.441439e+02
1.820000e+02 5.387528e+02 5.451071e+02
1.822500e+02 5.397592e+02 5.460698e+02
1.825000e+02 5.407648e+02 5.470319e+02
1.827500e+02 5.417694e+02 5.479934e+02
1.830000e+02 5.427730e+02 5.489544e+02
1.832500e+02 5.437758e+02 5.499149e+02
1.835000e+02 5.447777e+02 5.508748e+02
1.837500e+02 5.457786e+02 5.518342e+02
1.840000e+02 5.467787e+02 5.527931e+02
1.842500e+02 5.477779e+02 5.537514e+02
1.845000e+02 5.487762e+02 5.547092e+02
1.847500e+02 5.497737e+02 5.556665e+02
1.850000e+02 5.507702e+02 5.566233e+02
1.852500e+02 5.517660e+02 5.575796e+02
1.855000e+02 5.527609e+02 5.585353e+02
1.857500e+02 5.537549e+02 5.594906e+02
1.860000e+02 5.547482e+02 5.604454e+02
1.862500e+02 5.557406e+02 5.613997e+02
1.865000e+02 5.567322e+02 5.623535e+02
1.867500e+02 5.577230e+02 5.633068e+02
1.870000e+02 5.587129e+02 5.642596e+02
1.872500e+02 5.597021e+02 5.652119e+02
1.875000e+02 5.606905e+02 5.661638e+02
1.877500e+02 5.616782e+02 5.671152e+02
1.880000e+02 5.626650e+02 5.680661e+02
1.882500e+02 5.636511e+02 5.690166e+02
1.885000e+02 5.646364e+02 5.699666e+02
1.887500e+02 5.656210e+02 5.709161e+02
1.890000e+02 5.666048e+02 5.718652e+02
1.892500e+02 5.675879e+02 5.728139e+02
1.895000e+02 5.685703e+02 5.737620e+02
1.897500e+02 5.695519e+02 5.747098e+02
1.900000e+02 5.705328e+02 5.756571e+02
1.902500e+02 5.715130e+02 5.766039e+02
1.905000e+02 5.724924e+02 5.775504e+02
1.907500e+02 5.734712e+02 5.784963e+02
1.910000e+02 5.744493e+02 5.794419e+02
1.912500e+02 5.754267e+02 5.803870e+02
1.915000e+02 5.764033e+02 5.813317e+02
1.917500e+02 5.773793e+02 5.822760e+02
1.920000e+02 5.783547e+02 5.832199e+02
1.922500e+02 5.793293e+02 5.841633e+02
1.925000e+02 5.803033e+02 5.851064e+02
1.927500e+02 5.812767e+02 5.860490e+02
1.930000e+02 5.822493e+02 5.869912e+02
1.932500e+02 5.832214e+02 5.879331e+02
1.935000e+02 5.841927e+02 5.888745e+02
1.937500e+02 5.851635e+02 5.898155e+02
1.940000e+02 5.861336e+02 5.907561e+02
1.942500e+02 5.871031e+02 5.916964e+02
1.945000e+02 5.880719e+02 5.926362e+02
1.947500e+02 5.890402e+02 5.935757e+02
1.950000e+02 5.900078e+02 5.945147e+02
1.952500e+02 5.909748e+02 5.954534e+02
1.955000e+02 5.919412e+02 5.963917e+02
1.957500e+02 5.929070e+02 5.973296e+02
1.960000e+02 5.938722e+02 5.982672e+02
1.962500e+02 5.948369e+02 5.992044e+02
1.965000e+02 5.958009e+02 6.001412e+02
1.967500e+02 5.967643e+02 6.010776e+02
1.970000e+02 5.977272e+02 6.020137e+02
1.972500e+02 5.986895e+02 6.029494e+02
1.975000e+02 5.996513e+02 6.038848e+02
1.977500e+02 6.006124e+02 6.048198e+02
1.980000e+02 6.015730e+02 6.057544e+02
1.982500e+02 6.025331e+02 6.066887e+02
1.985000e+02 6.034926e+02 6.076226e+02
1.987500e+02 6.044516e+02 6.085562e+02
1.990000e+02 6.054100e+02 6.094894e+02
1.992500e+02 6.063678e+02 6.104223e+02
1.995000e+02 6.073252e+02 6.113549e+02
1.997500e+02 6.082820e+02 6.122871e+02
2.000000e+02 6.092383e+02 6.132190e+02
2.002500e+02 6.101940e+02 6.141505e+02
2.005000e+02 6.111493e+02 6.150817e+02
2.007500e+02 6.121040e+02 6.160125e+02
2.010000e+02 6.130582e+02 6.169431e+02
2.012500e+02 6.140119e+02 6.178733e+02
2.015000e+02 6.149651e+02 6.188032e+02
2.017500e+02 6.159178e+02 6.197327e+02
2.020000e+02 6.168700e+02 6.206620e+02
2.022500e+02 6.178217e+02 6.215909e+02
2.025000e+02 6.187729e+02 6.225195e+02
2.027500e+02 6.197237e+02 6.234478e+02
2.030000e+02 6.206739e+02 6.243757e+02
2.032500e+02 6.216237e+02 6.253034e+02
2.035000e+02 6.225730e+02 6.262308e+02
2.037500e+02 6.235218e+02 6.271578e+02
2.040000e+02 6.244701e+02 6.280845e+02
2.042500e+02 6.254180e+02 6.290109e+02
2.045000e+02 6.263654e+02 6.299371e+02
2.047500e+02 6.273124e+02 6.308629e+02
2.050000e+02 6.282589e+02 6.317884e+02
2.052500e+02 6.292050e+02 6.327136e+02
2.055000e+02 6.301506e+02 6.336386e+02
2.057500e+02 6.310957e+02 6.345632e+02
2.060000e+02 6.320404e+02 6.354876e+02
2.062500e+02 6.329847e+02 6.364116e+02
2.065000e+02 6.339285e+02 6.373354e+02
2.067500e+02 6.348719e+02 6.382589e+02
2.070000e+02 6.358149e+02 6.391820e+02
2.072500e+02 6.367575e+02 6.401050e+02
2.075000e+02 6.376996e+02 6.410276e+02
2.077500e+02 6.386413e+02 6.419499e+02
2.080000e+02 6.395825e+02 6.428720e+02
2.082500e+02 6.405234e+02 6.437938e+02
2.085000e+02 6.414638e+02 6.447153e+02
2.087500e+02 6.424039e+02 6.456365e+02
2.090000e+02 6.433435e+02 6.465575e+02
2.092500e+02 6.442827e+02 6.474782e+02
2.095000e+02 6.452215e+02 6.483986e+02
2.097500e+02 6.461599e+02 6.493188e+02
2.100000e+02 6.470979e+02 6.502387e+02
2.102500e+02 6.480356e+02 6.511583e+02
2.105000e+02 6.489728e+02 6.520777e+02
2.107500e+02 6.499096e+02 6.529968e+02
2.110000e+02 6.508461e+02 6.539156e+02
2.112500e+02 6.517822e+02 6.548342e+02
2.115000e+02 6.527178e+02 6.557525e+02
2.117500e+02 6.536531e+02 6.566706e+02
2.120000e+02 6.545881e+02 6.575884e+02
2.122500e+02 6.555226e+02 6.585060e+02
2.125000e+02 6.564568e+02 6.594233e+02
2.127500e+02 6.573906e+02 6.603403e+02
2.130000e+02 6.583241e+02 6.612571e+02
2.132500e+02 6.592571e+02 6.621737e+02
2.135000e+02 6.601899e+02 6.630900e+02
2.137500e+02 6.611222e+02 6.640061e+02
2.140000e+02 6.620542e+02 6.649219e+02
2.142500e+02 6.629859e+02 6.658375e+02
2.145000e+02 6.639172e+02 6.667528e+02
2.147500e+02 6.648481e+02 6.676679e+02
2.150000e+02 6.657787e+02 6.685828e+02
2.152500e+02 6.667089e+02 6.694974e+02
2.155000e+02 6.676388e+02 6.704118e+02
2.157500e+02 6.685684e+02 6.713260e+02
2.160000e+02 6.694976e+02 6.722399e+02
2.162500e+02 6.704265e+02 6.731536e+02
2.165000e+02 6.713550e+02 6.740670e+02
2.167500e+02 6.722832e+02 6.749802e+02
2.170000e+02 6.732111e+02 6.758932e+02
2.172500e+02 6.741386e+02 6.768060e+02
2.175000e+02 6.750659e+02 6.777186e+02
2.177500e+02 6.759928e+02 6.786309e+02
2.180000e+02 6.769193e+02 6.795430e+02
2.182500e+02 6.778456e+02 6.804549e+02
2.185000e+02 6.787715e+02 6.813665e+02
2.187500e+02 6.796971e+02 6.822779e+02
2.190000e+02 6.806224e+02 6.831892e+02
2.192500e+02 6.815474e+02 6.841001e+02
2.195000e+02 6.824721e+02 6.850109e+02
2.197500e+02 6.833964e+02 6.859215e+02
2.200000e+02 6.843205e+02 6.868318e+02
2.202500e+02 6.852442e+02 6.877420e+02
2.205000e+02 6.861677e+02 6.886519e+02
2.207500e+02 6.870908e+02 6.895616e+02
2.210000e+02 6.880136e+02 6.904711e+02
2.212500e+02 6.889362e+02 6.913804e+02
2.215000e+02 6.898584e+02 6.922895e+02
2.217500e+02 6.907803e+02 6.931983e+02
2.220000e+02 6.917020e+02 6.941070e+02
2.222500e+02 6.926234e+02 6.950155e+02
2.225000e+02 6.935444e+02 6.959237e+02
2.227500e+02 6.944652e+02 6.968318e+02
2.230000e+02 6.953857e+02 6.977396e+02
2.232500e+02 6.963059e+02 6.986473e+02
2.235000e+02 6.972258e+02 6.995547e+02
2.237500e+02 6.981455e+02 7.004620e+02
2.240000e+02 6.990648e+02 7.013690e+02
2.242500e+02 6.999839e+02 7.022759e+02
2.245000e+02 7.009027e+02 7.031825e+02
2.247500e+02 7.018213e+02 7.040890e+02
2.250000e+02 7.027395e+02 7.049953e+02
2.252500e+02 7.036575e+02 7.059014e+02
2.255000e+02 7.045752e+02 7.068072e+02
2.257500e+02 7.054927e+02 7.077129e+02
2.260000e+02 7.064099e+02 7.086184e+02
2.262500e+02 7.073268e+02 7.095238e+02
2.265000e+02 7.082434e+02 7.104289e+02
2.267500e+02 7.091598e+02 7.113338e+02
2.270000e+02 7.100759e+02 7.122386e+02
2.272500e+02 7.109918e+02 7.131431e+02
2.275000e+02 7.119074e+02 7.140475e+02
2.277500e+02 7.128228e+02 7.149517e+02
2.280000e+02 7.137379e+02 7.158557e+02
2.282500e+02 7.146527e+02 7.167596e+02
2.285000e+02 7.155673e+02 7.176632e+02
2.287500e+02 7.164816e+02 7.185667e+02
2.290000e+02 7.173957e+02 7.194700e+02
2.292500e+02 7.183096e+02 7.203731e+02
2.295000e+02 7.192232e+02 7.212760e+02
2.297500e+02 7.201365e+02 7.221787e+02
2.300000e+02 7.210496e+02 7.230813e+02
2.302500e+02 7.219625e+02 7.239837e+02
2.305000e+02 7.228751e+02 7.248859e+02
2.307500e+02 7.237875e+02 7.257880e+02
2.310000e+02 7.246996e+02 7.266899e+02
2.312500e+02 7.256115e+02 7.275916e+02
2.315000e+02 7.265232e+02 7.284931e+02
2.317500e+02 7.274346e+02 7.293945e+02
2.320000e+02 7.283458e+02 7.302957e+02
2.322500e+02 7.292568e+02 7.311967e+02
2.325000e+02 7.301675e+02 7.320976e+02
2.327500e+02 7.310780e+02 7.329982e+02
2.330000e+02 7.319883e+02 7.338988e+02
2.332500e+02 7.328983e+02 7.347991e+02
2.335000e+02 7.338081e+02 7.356993e+02
2.337500e+02 7.347177e+02 7.365993e+02
2.340000e+02 7.356271e+02 7.374992e+02
2.342500e+02 7.365362e+02 7.383989e+02
2.345000e+02 7.374452e+02 7.392984e+02
2.347500e+02 7.383539e+02 7.401978e+02
2.350000e+02 7.392624e+02 7.410970e+02
2.352500e+02 7.401706e+02 7.419961e+02
2.355000e+02 7.410787e+02 7.428950e+02
2.357500e+02 7.419865e+02 7.437937e+02
2.360000e+02 7.428941e+02 7.446923e+02
2.362500e+02 7.438016e+02 7.455907e+02
2.365000e+02 7.447087e+02 7.464890e+02
2.367500e+02 7.456157e+02 7.473871e+02
2.370000e+02 7.465225e+02 7.482850e+02
2.372500e+02 7.474291e+02 7.491828e+02
2.375000e+02 7.483354e+02 7.500805e+02
2.377500e+02 7.492416e+02 7.509780e+02
2.380000e+02 7.501475e+02 7.518753e+02
2.382500e+02 7.510533e+02 7.527725e+02
2.385000e+02 7.519588e+02 7.536695e+02
2.387500e+02 7.528641e+02 7.545664e+02
2.390000e+02 7.537693e+02 7.554631e+02
2.392500e+02 7.546742e+02 7.563597e+02
2.395000e+02 7.555789e+02 7.572561e+02
2.397500e+02 7.564835e+02 7.581524e+02
2.400000e+02 7.573878e+02 7.590486e+02
2.402500e+02 7.582920e+02 7.599446e+02
2.405000e+02 7.591959e+02 7.608404e+02
2.407500e+02 7.600996e+02 7.617361e+02
2.410000e+02 7.610032e+02 7.626317e+02
2.412500e+02 7.619066e+02 7.635271e+02
2.415000e+02 7.628097e+02 7.644224e+02
2.417500e+02 7.637127e+02 7.653175e+02
2.420000e+02 7.646155e+02 7.662125e+02
2.422500e+02 7.655181e+02 7.671073e+02
2.425000e+02 7.664205e+02 7.680020e+02
2.427500e+02 7.673228e+02 7.688966e+02
2.430000e+02 7.682248e+02 7.697910e+02
2.432500e+02 7.691267e+02 7.706853e+02
2.435000e+02 7.700283e+02 7.715794e+02
2.437500e+02 7.709298e+02 7.724734e+02
2.440000e+02 7.718311e+02 7.733673e+02
2.442500e+02 7.727323e+02 7.742610e+02
2.445000e+02 7.736332e+02 7.751546e+02
2.447500e+02 7.745340e+02 7.760481e+02
2.450000e+02 7.754346e+02 7.769414e+02
2.452500e+02 7.763350e+02 7.778346e+02
2.455000e+02 7.772352e+02 7.787276e+02
2.457500e+02 7.781353e+02 7.796206e+02
2.460000e+02 7.790352e+02 7.805134e+02
2.462500e+02 7.799349e+02 7.814060e+02
2.465000e+02 7.808344e+02 7.822985e+02
2.467500e+02 7.817338e+02 7.831909e+02
2.470000e+02 7.826330e+02 7.840832e+02
2.472500e+02 7.835320e+02 7.849753e+02
2.475000e+02 7.844308e+02 7.858673e+02
2.477500e+02 7.853295e+02 7.867592e+02
2.480000e+02 7.862280e+02 7.876509e+02
2.482500e+02 7.871264e+02 7.885425e+02
2.485000e+02 7.880245e+02 7.894340e+02
2.487500e+02 7.889226e+02 7.903254e+02
2.490000e+02 7.898204e+02 7.912166e+02
2.492500e+02 7.907181e+02 7.921077e+02
2.495000e+02 7.916156e+02 7.929987e+02
2.497500e+02 7.925130e+02 7.938896e+02
