0.000000e+00 9.300000e+01 4.500000e+02 1.380000e+02 0.000000e+00 0.000000e+00
4.000000e-01 9.300000e+01 4.500000e+02 1.380000e+02 -0.000000e+00 -0.000000e+00
8.000000e-01 9.300000e+01 4.500000e+02 1.380000e+02 -0.000000e+00 -0.000000e+00
1.200000e+00 9.300000e+01 4.500000e+02 1.380000e+02 -0.000000e+00 -0.000000e+00
1.600000e+00 9.300000e+01 4.500000e+02 1.380000e+02 -0.000000e+00 -0.000000e+00
2.000000e+00 9.300000e+01 4.500000e+02 1.380000e+02 -0.000000e+00 -0.000000e+00
2.400000e+00 9.300000e+01 4.500000e+02 1.380000e+02 -0.000000e+00 -0.000000e+00
2.800000e+00 9.300000e+01 4.500000e+02 1.380000e+02 -0.000000e+00 -0.000000e+00
3.200000e+00 9.300000e+01 4.500000e+02 1.380000e+02 -0.000000e+00 -0.000000e+00
3.600000e+00 9.300000e+01 4.500000e+02 1.380000e+02 -0.000000e+00 -0.000000e+00
4.000000e+00 9.300000e+01 4.500000e+02 1.380000e+02 -0.000000e+00 -0.000000e+00
4.400000e+00 9.300000e+01 4.500000e+02 1.380000e+02 -0.000000e+00 -0.000000e+00
4.800000e+00 9.300000e+01 4.500000e+02 1.380000e+02 -0.000000e+00 -0.000000e+00
5.200000e+00 9.300000e+01 4.500000e+02 1.380000e+02 -0.000000e+00 -0.000000e+00
5.600000e+00 9.300000e+01 4.500000e+02 1.380000e+02 -0.000000e+00 -0.000000e+00
6.000000e+00 9.300000e+01 4.500000e+02 1.380000e+02 -0.000000e+00 -0.000000e+00
6.400000e+00 9.300000e+01 4.500000e+02 1.380000e+02 -0.000000e+00 -0.000000e+00
6.800000e+00 9.300000e+01 4.500000e+02 1.380000e+02 -0.000000e+00 -0.000000e+00
7.200000e+00 9.300000e+01 4.500000e+02 1.380000e+02 -0.000000e+00 -0.000000e+00
7.600000e+00 9.300000e+01 4.500000e+02 1.380000e+02 -0.000000e+00 -0.000000e+00
8.000000e+00 9.300000e+01 4.500000e+02 1.380000e+02 -0.000000e+00 -0.000000e+00
8.400000e+00 9.300000e+01 4.500000e+02 1.380000e+02 -0.000000e+00 -0.000000e+00
8.800000e+00 9.300000e+01 4.500000e+02 1.380000e+02 -0.000000e+00 -0.000000e+00
9.200000e+00 9.300000e+01 4.500000e+02 1.380000e+02 -0.000000e+00 -0.000000e+00
9.600000e+00 9.300000e+01 4.500000e+02 1.380000e+02 -0.000000e+00 -0.000000e+00
1.000000e+01 9.300000e+01 4.500000e+02 1.380000e+02 5.960464e-08 2.717646e-12
1.040000e+01 9.300000e+01 4.500000e+02 1.380000e+02 2.980232e-07 1.161528e-11
1.080000e+01 9.300000e+01 4.500000e+02 1.380000e+02 9.536743e-07 3.196081e-11
1.120000e+01 9.300000e+01 4.500000e+02 1.380000e+02 2.861023e-06 8.290143e-11
1.160000e+01 9.300000e+01 4.500000e+02 1.380000e+02 8.285046e-06 2.086295e-10
1.200000e+01 9.300000e+01 4.500000e+02 1.380000e+02 2.211332e-05 4.862301e-10
1.240000e+01 9.300000e+01 4.500000e+02 1.380000e+02 5.573034e-05 1.074775e-09
1.280000e+01 9.300000e+01 4.500000e+02 1.380000e+02 1.329184e-04 2.257656e-09
1.320000e+01 9.300000e+01 4.500000e+02 1.380000e+02 3.015995e-04 4.529473e-09
1.360000e+01 9.300000e+01 4.500000e+02 1.380000e+02 6.533265e-04 8.707378e-09
1.400000e+01 9.300000e+01 4.500000e+02 1.380000e+02 1.357436e-03 1.611091e-08
1.440000e+01 9.300000e+01 4.500000e+02 1.380000e+02 2.713740e-03 2.877604e-08
1.480000e+01 9.300000e+01 4.500000e+02 1.380000e+02 5.236208e-03 4.976028e-08
1.520000e+01 9.300000e+01 4.500000e+02 1.380000e+02 9.778380e-03 8.352286e-08
1.560000e+01 9.300000e+01 4.500000e+02 1.380000e+02 1.771706e-02 1.363974e-07
1.600000e+01 9.300000e+01 4.500000e+02 1.380000e+02 3.121418e-02 2.171625e-07
1.640000e+01 9.300000e+01 4.500000e+02 1.380000e+02 5.358267e-02 3.377238e-07
1.680000e+01 9.300000e+01 4.500000e+02 1.380000e+02 8.978385e-02 5.138944e-07
1.720000e+01 9.300000e+01 4.500000e+02 1.380000e+02 1.470927e-01 7.662846e-07
1.760000e+01 9.300000e+01 4.500000e+02 1.380000e+02 2.359699e-01 1.121292e-06
1.800000e+01 9.300000e+01 4.500000e+02 1.380000e+02 3.711848e-01 1.612178e-06
1.840000e+01 9.300000e+01 4.500000e+02 1.380000e+02 5.732396e-01 2.280225e-06
1.880000e+01 9.300000e+01 4.500000e+02 1.380000e+02 8.701484e-01 3.175957e-06
1.920000e+01 9.300000e+01 4.500000e+02 1.380000e+02 1.299628e+00 4.360406e-06
1.960000e+01 9.300000e+01 4.499999e+02 1.380000e+02 1.911763e+00 5.906396e-06
2.000000e+01 9.300000e+01 4.499999e+02 1.380000e+02 2.772207e+00 7.899842e-06
2.040000e+01 9.300000e+01 4.499999e+02 1.380000e+02 3.965985e+00 1.044103e-05
2.080000e+01 9.300000e+01 4.499998e+02 1.380000e+02 5.601967e+00 1.364583e-05
2.120000e+01 9.299999e+01 4.499998e+02 1.380000e+02 7.818072e+00 1.764692e-05
2.160000e+01 9.299999e+01 4.499997e+02 1.380000e+02 1.078727e+01 2.259485e-05
2.200000e+01 9.299999e+01 4.499996e+02 1.380000e+02 1.472446e+01 2.865902e-05
2.240000e+01 9.299999e+01 4.499995e+02 1.380000e+02 1.989423e+01 3.602863e-05
2.280000e+01 9.299998e+01 4.499994e+02 1.380000e+02 2.661965e+01 4.491338e-05
2.320000e+01 9.299998e+01 4.499992e+02 1.380000e+02 3.529207e+01 5.554410e-05
2.360000e+01 9.299997e+01 4.499990e+02 1.380000e+02 4.638197e+01 6.817324e-05
2.400000e+01 9.299996e+01 4.499987e+02 1.380000e+02 6.045097e+01 8.307514e-05
2.440000e+01 9.299995e+01 4.499984e+02 1.380000e+02 7.816500e+01 1.005462e-04
2.480000e+01 9.299994e+01 4.499980e+02 1.380000e+02 1.003086e+02 1.209050e-04
2.520000e+01 9.299993e+01 4.499975e+02 1.380001e+02 1.278005e+02 1.444918e-04
2.560000e+01 9.299991e+01 4.499970e+02 1.380001e+02 1.617103e+02 1.716685e-04
2.600000e+01 9.299988e+01 4.499963e+02 1.380001e+02 2.032768e+02 2.028183e-04
2.640000e+01 9.299986e+01 4.499955e+02 1.380001e+02 2.539266e+02 2.383446e-04
2.680000e+01 9.299983e+01 4.499946e+02 1.380001e+02 3.152954e+02 2.786706e-04
2.720000e+01 9.299979e+01 4.499935e+02 1.380002e+02 3.892489e+02 3.242385e-04
2.760000e+01 9.299975e+01 4.499923e+02 1.380002e+02 4.779064e+02 3.755081e-04
2.800000e+01 9.299970e+01 4.499909e+02 1.380002e+02 5.836643e+02 4.329560e-04
2.840000e+01 9.299964e+01 4.499892e+02 1.380003e+02 7.092220e+02 4.970746e-04
2.880000e+01 9.299957e+01 4.499873e+02 1.380003e+02 8.576075e+02 5.683703e-04
2.920000e+01 9.299949e+01 4.499852e+02 1.380004e+02 1.032206e+03 6.473625e-04
2.960000e+01 9.299939e+01 4.499827e+02 1.380004e+02 1.236786e+03 7.345822e-04
3.000000e+01 9.299929e+01 4.499799e+02 1.380005e+02 1.475532e+03 8.305704e-04
3.040000e+01 9.299917e+01 4.499768e+02 1.380006e+02 1.753074e+03 9.358768e-04
3.080000e+01 9.299903e+01 4.499732e+02 1.380007e+02 2.074517e+03 1.051058e-03
3.120000e+01 9.299887e+01 4.499693e+02 1.380008e+02 2.445474e+03 1.176677e-03
3.160000e+01 9.299869e+01 4.499648e+02 1.380010e+02 2.872100e+03 1.313300e-03
3.200000e+01 9.299849e+01 4.499599e+02 1.380011e+02 3.361127e+03 1.461496e-03
3.240000e+01 9.299827e+01 4.499543e+02 1.380013e+02 3.919893e+03 1.621836e-03
3.280000e+01 9.299801e+01 4.499482e+02 1.380015e+02 4.556384e+03 1.794889e-03
3.320000e+01 9.299773e+01 4.499415e+02 1.380017e+02 5.279263e+03 1.981225e-03
3.360000e+01 9.299742e+01 4.499340e+02 1.380019e+02 6.097910e+03 2.181407e-03
3.400000e+01 9.299706e+01 4.499258e+02 1.380022e+02 7.022458e+03 2.395997e-03
3.440000e+01 9.299667e+01 4.499168e+02 1.380025e+02 8.063829e+03 2.625550e-03
3.480000e+01 9.299624e+01 4.499069e+02 1.380028e+02 9.233771e+03 2.870615e-03
3.520000e+01 9.299576e+01 4.498961e+02 1.380031e+02 1.054489e+04 3.131730e-03
3.560000e+01 9.299524e+01 4.498843e+02 1.380035e+02 1.201071e+04 3.409428e-03
3.600000e+01 9.299466e+01 4.498715e+02 1.380040e+02 1.364568e+04 3.704229e-03
3.640000e+01 9.299402e+01 4.498576e+02 1.380044e+02 1.546521e+04 4.016642e-03
3.680000e+01 9.299332e+01 4.498425e+02 1.380050e+02 1.748577e+04 4.347165e-03
3.720000e+01 9.299256e+01 4.498262e+02 1.380055e+02 1.972483e+04 4.696283e-03
3.760000e+01 9.299173e+01 4.498086e+02 1.380061e+02 2.220098e+04 5.064465e-03
3.800000e+01 9.299083e+01 4.497896e+02 1.380068e+02 2.493394e+04 5.452168e-03
3.840000e+01 9.298984e+01 4.497691e+02 1.380075e+02 2.794457e+04 5.859833e-03
3.880000e+01 9.298878e+01 4.497471e+02 1.380083e+02 3.125495e+04 6.287887e-03
3.920000e+01 9.298762e+01 4.497235e+02 1.380092e+02 3.488841e+04 6.736738e-03
3.960000e+01 9.298637e+01 4.496982e+02 1.380101e+02 3.886953e+04 7.206780e-03
4.000000e+01 9.298502e+01 4.496711e+02 1.380111e+02 4.322421e+04 7.698389e-03
4.040000e+01 9.298356e+01 4.496422e+02 1.380122e+02 4.797970e+04 8.211923e-03
4.080000e+01 9.298199e+01 4.496113e+02 1.380134e+02 5.316465e+04 8.747724e-03
4.120000e+01 9.298031e+01 4.495785e+02 1.380146e+02 5.880910e+04 9.306116e-03
4.160000e+01 9.297849e+01 4.495435e+02 1.380160e+02 6.494456e+04 9.887403e-03
4.200000e+01 9.297655e+01 4.495063e+02 1.380174e+02 7.160404e+04 1.049188e-02
4.240000e+01 9.297447e+01 4.494668e+02 1.380189e+02 7.882204e+04 1.111980e-02
4.280000e+01 9.297225e+01 4.494250e+02 1.380206e+02 8.663465e+04 1.177143e-02
4.320000e+01 9.296987e+01 4.493807e+02 1.380224e+02 9.507953e+04 1.244700e-02
4.360000e+01 9.296734e+01 4.493338e+02 1.380242e+02 1.041960e+05 1.314673e-02
4.400000e+01 9.296464e+01 4.492842e+02 1.380262e+02 1.140249e+05 1.387081e-02
4.440000e+01 9.296177e+01 4.492319e+02 1.380284e+02 1.246090e+05 1.461943e-02
4.480000e+01 9.295871e+01 4.491768e+02 1.380306e+02 1.359926e+05 1.539274e-02
4.520000e+01 9.295546e+01 4.491187e+02 1.380331e+02 1.482217e+05 1.619090e-02
4.560000e+01 9.295202e+01 4.490575e+02 1.380356e+02 1.613444e+05 1.701403e-02
4.600000e+01 9.294837e+01 4.489932e+02 1.380383e+02 1.754101e+05 1.786225e-02
4.640000e+01 9.294451e+01 4.489257e+02 1.380412e+02 1.904706e+05 1.873565e-02
4.680000e+01 9.294042e+01 4.488548e+02 1.380442e+02 2.065790e+05 1.963431e-02
4.720000e+01 9.293610e+01 4.487804e+02 1.380474e+02 2.237909e+05 2.055830e-02
4.760000e+01 9.293153e+01 4.487025e+02 1.380508e+02 2.421632e+05 2.150766e-02
4.800000e+01 9.292672e+01 4.486209e+02 1.380544e+02 2.617553e+05 2.248244e-02
4.840000e+01 9.292165e+01 4.485355e+02 1.380582e+02 2.826283e+05 2.348264e-02
4.880000e+01 9.291630e+01 4.484463e+02 1.380621e+02 3.048452e+05 2.450828e-02
4.920000e+01 9.291068e+01 4.483530e+02 1.380663e+02 3.284713e+05 2.555935e-02
4.960000e+01 9.290477e+01 4.482557e+02 1.380707e+02 3.535737e+05 2.663582e-02
5.000000e+01 9.289856e+01 4.481542e+02 1.380753e+02 3.802218e+05 2.773766e-02
5.040000e+01 9.289203e+01 4.480484e+02 1.380802e+02 4.084870e+05 2.886482e-02
5.080000e+01 9.288519e+01 4.479382e+02 1.380853e+02 4.384428e+05 3.001725e-02
5.120000e+01 9.287802e+01 4.478234e+02 1.380906e+02 4.701650e+05 3.119487e-02
5.160000e+01 9.287050e+01 4.477041e+02 1.380962e+02 5.037313e+05 3.239760e-02
5.200000e+01 9.286264e+01 4.475799e+02 1.381020e+02 5.392218e+05 3.362535e-02
5.240000e+01 9.285441e+01 4.474509e+02 1.381081e+02 5.767189e+05 3.487802e-02
5.280000e+01 9.284580e+01 4.473170e+02 1.381145e+02 6.163070e+05 3.615549e-02
5.320000e+01 9.283681e+01 4.471780e+02 1.381212e+02 6.580730e+05 3.745763e-02
5.360000e+01 9.282742e+01 4.470337e+02 1.381282e+02 7.021059e+05 3.878433e-02
5.400000e+01 9.281762e+01 4.468842e+02 1.381355e+02 7.484972e+05 4.013543e-02
5.440000e+01 9.280740e+01 4.467293e+02 1.381431e+02 7.973405e+05 4.151079e-02
5.480000e+01 9.279675e+01 4.465688e+02 1.381510e+02 8.487319e+05 4.291025e-02
5.520000e+01 9.278565e+01 4.464027e+02 1.381593e+02 9.027699e+05 4.433366e-02
5.560000e+01 9.277409e+01 4.462308e+02 1.381679e+02 9.595554e+05 4.578083e-02
5.600000e+01 9.276207e+01 4.460530e+02 1.381769e+02 1.019191e+06 4.725159e-02
5.640000e+01 9.274956e+01 4.458693e+02 1.381862e+02 1.081784e+06 4.874576e-02
5.680000e+01 9.273655e+01 4.456794e+02 1.381959e+02 1.147441e+06 5.026316e-02
5.720000e+01 9.272304e+01 4.454833e+02 1.382059e+02 1.216273e+06 5.180358e-02
5.760000e+01 9.270900e+01 4.452809e+02 1.382164e+02 1.288393e+06 5.336682e-02
5.800000e+01 9.269443e+01 4.450720e+02 1.382273e+02 1.363918e+06 5.495268e-02
5.840000e+01 9.267931e+01 4.448566e+02 1.382385e+02 1.442964e+06 5.656096e-02
5.880000e+01 9.266363e+01 4.446344e+02 1.382502e+02 1.525653e+06 5.819144e-02
5.920000e+01 9.264738e+01 4.444055e+02 1.382624e+02 1.612107e+06 5.984390e-02
5.960000e+01 9.263053e+01 4.441696e+02 1.382749e+02 1.702454e+06 6.151813e-02
6.000000e+01 9.261308e+01 4.439266e+02 1.382880e+02 1.796821e+06 6.321390e-02
6.040000e+01 9.259501e+01 4.436765e+02 1.383015e+02 1.895339e+06 6.493099e-02
6.080000e+01 9.257631e+01 4.434191e+02 1.383154e+02 1.998143e+06 6.666917e-02
6.120000e+01 9.255696e+01 4.431542e+02 1.383299e+02 2.105368e+06 6.842820e-02
6.160000e+01 9.253695e+01 4.428818e+02 1.383448e+02 2.217154e+06 7.020786e-02
6.200000e+01 9.251626e+01 4.426018e+02 1.383603e+02 2.333642e+06 7.200792e-02
6.240000e+01 9.249488e+01 4.423140e+02 1.383763e+02 2.454977e+06 7.382813e-02
6.280000e+01 9.247280e+01 4.420182e+02 1.383928e+02 2.581307e+06 7.566827e-02
6.320000e+01 9.244999e+01 4.417144e+02 1.384099e+02 2.712781e+06 7.752809e-02
6.360000e+01 9.242644e+01 4.414025e+02 1.384275e+02 2.849551e+06 7.940737e-02
6.400000e+01 9.240213e+01 4.410822e+02 1.384457e+02 2.991775e+06 8.130585e-02
6.440000e+01 9.237706e+01 4.407536e+02 1.384645e+02 3.139610e+06 8.322331e-02
6.480000e+01 9.235120e+01 4.404164e+02 1.384839e+02 3.293217e+06 8.515950e-02
6.520000e+01 9.232454e+01 4.400705e+02 1.385039e+02 3.452761e+06 8.711420e-02
6.560000e+01 9.229705e+01 4.397158e+02 1.385245e+02 3.618409e+06 8.908715e-02
6.600000e+01 9.226873e+01 4.393521e+02 1.385458e+02 3.790330e+06 9.107812e-02
6.640000e+01 9.223956e+01 4.389794e+02 1.385677e+02 3.968698e+06 9.308689e-02
6.680000e+01 9.220951e+01 4.385974e+02 1.385903e+02 4.153688e+06 9.511321e-02
6.720000e+01 9.217857e+01 4.382061e+02 1.386135e+02 4.345480e+06 9.715685e-02
6.760000e+01 9.214673e+01 4.378054e+02 1.386375e+02 4.544254e+06 9.921757e-02
6.800000e+01 9.211396e+01 4.373950e+02 1.386621e+02 4.750196e+06 1.012952e-01
6.840000e+01 9.208025e+01 4.369748e+02 1.386875e+02 4.963494e+06 1.033894e-01
6.880000e+01 9.204558e+01 4.365447e+02 1.387136e+02 5.184339e+06 1.055000e-01
6.920000e+01 9.200992e+01 4.361046e+02 1.387405e+02 5.412924e+06 1.076268e-01
6.960000e+01 9.197327e+01 4.356543e+02 1.387681e+02 5.649446e+06 1.097695e-01
7.000000e+01 9.193559e+01 4.351936e+02 1.387966e+02 5.894107e+06 1.119280e-01
7.040000e+01 9.189688e+01 4.347225e+02 1.388258e+02 6.147109e+06 1.141019e-01
7.080000e+01 9.185711e+01 4.342407e+02 1.388558e+02 6.408659e+06 1.162912e-01
7.120000e+01 9.181626e+01 4.337481e+02 1.388867e+02 6.678967e+06 1.184956e-01
7.160000e+01 9.177431e+01 4.332446e+02 1.389185e+02 6.958246e+06 1.207148e-01
7.200000e+01 9.173123e+01 4.327300e+02 1.389511e+02 7.246712e+06 1.229487e-01
7.240000e+01 9.168702e+01 4.322041e+02 1.389846e+02 7.544585e+06 1.251970e-01
7.280000e+01 9.164164e+01 4.316668e+02 1.390190e+02 7.852087e+06 1.274595e-01
7.320000e+01 9.159508e+01 4.311179e+02 1.390543e+02 8.169446e+06 1.297362e-01
7.360000e+01 9.154731e+01 4.305573e+02 1.390906e+02 8.496891e+06 1.320266e-01
7.400000e+01 9.149831e+01 4.299848e+02 1.391278e+02 8.834655e+06 1.343308e-01
7.440000e+01 9.144805e+01 4.294002e+02 1.391661e+02 9.182974e+06 1.366484e-01
7.480000e+01 9.139652e+01 4.288033e+02 1.392053e+02 9.542089e+06 1.389792e-01
7.520000e+01 9.134369e+01 4.281940e+02 1.392455e+02 9.912243e+06 1.413232e-01
7.560000e+01 9.128953e+01 4.275720e+02 1.392868e+02 1.029368e+07 1.436800e-01
7.600000e+01 9.123402e+01 4.269373e+02 1.393292e+02 1.068666e+07 1.460496e-01
7.640000e+01 9.117714e+01 4.262896e+02 1.393727e+02 1.109143e+07 1.484318e-01
7.680000e+01 9.111885e+01 4.256287e+02 1.394172e+02 1.150825e+07 1.508263e-01
7.720000e+01 9.105914e+01 4.249545e+02 1.394629e+02 1.193738e+07 1.532331e-01
7.760000e+01 9.099797e+01 4.242667e+02 1.395098e+02 1.237908e+07 1.556519e-01
7.800000e+01 9.093533e+01 4.235652e+02 1.395578e+02 1.283364e+07 1.580826e-01
7.840000e+01 9.087117e+01 4.228497e+02 1.396071e+02 1.330131e+07 1.605250e-01
7.880000e+01 9.080548e+01 4.221200e+02 1.396576e+02 1.378237e+07 1.629791e-01
7.920000e+01 9.073822e+01 4.213760e+02 1.397093e+02 1.427711e+07 1.654445e-01
7.960000e+01 9.066937e+01 4.206173e+02 1.397624e+02 1.478582e+07 1.679213e-01
8.000000e+01 9.059889e+01 4.198439e+02 1.398167e+02 1.530877e+07 1.704092e-01
8.040000e+01 9.052675e+01 4.190554e+02 1.398724e+02 1.584626e+07 1.729082e-01
8.080000e+01 9.045293e+01 4.182516e+02 1.399295e+02 1.639860e+07 1.754180e-01
8.120000e+01 9.037738e+01 4.174323e+02 1.399880e+02 1.696607e+07 1.779385e-01
8.160000e+01 9.030008e+01 4.165973e+02 1.400479e+02 1.754900e+07 1.804697e-01
8.200000e+01 9.022100e+01 4.157462e+02 1.401092e+02 1.814767e+07 1.830115e-01
8.240000e+01 9.014009e+01 4.148789e+02 1.401721e+02 1.876242e+07 1.855636e-01
8.280000e+01 9.005733e+01 4.139951e+02 1.402365e+02 1.939355e+07 1.881260e-01
8.320000e+01 8.997268e+01 4.130946e+02 1.403024e+02 2.004139e+07 1.906985e-01
8.360000e+01 8.988609e+01 4.121769e+02 1.403700e+02 2.070627e+07 1.932812e-01
8.400000e+01 8.979754e+01 4.112420e+02 1.404392e+02 2.138852e+07 1.958738e-01
8.440000e+01 8.970698e+01 4.102894e+02 1.405101e+02 2.208847e+07 1.984763e-01
8.480000e+01 8.961437e+01 4.093189e+02 1.405827e+02 2.280647e+07 2.010886e-01
8.520000e+01 8.951967e+01 4.083303e+02 1.406570e+02 2.354286e+07 2.037105e-01
8.560000e+01 8.942284e+01 4.073231e+02 1.407331e+02 2.429799e+07 2.063422e-01
8.600000e+01 8.932384e+01 4.062970e+02 1.408111e+02 2.507221e+07 2.089833e-01
8.640000e+01 8.922263e+01 4.052518e+02 1.408909e+02 2.586590e+07 2.116340e-01
8.680000e+01 8.911914e+01 4.041871e+02 1.409727e+02 2.667941e+07 2.142940e-01
8.720000e+01 8.901335e+01 4.031025e+02 1.410565e+02 2.751311e+07 2.169634e-01
8.760000e+01 8.890520e+01 4.019977e+02 1.411422e+02 2.836739e+07 2.196422e-01
8.800000e+01 8.879463e+01 4.008723e+02 1.412301e+02 2.924261e+07 2.223301e-01
8.840000e+01 8.868161e+01 3.997260e+02 1.413200e+02 3.013918e+07 2.250272e-01
8.880000e+01 8.856607e+01 3.985583e+02 1.414122e+02 3.105747e+07 2.277335e-01
8.920000e+01 8.844797e+01 3.973688e+02 1.415066e+02 3.199790e+07 2.304490e-01
8.960000e+01 8.832723e+01 3.961572e+02 1.416033e+02 3.296085e+07 2.331735e-01
9.000000e+01 8.820382e+01 3.949230e+02 1.417023e+02 3.394675e+07 2.359071e-01
9.040000e+01 8.807766e+01 3.936657e+02 1.418037e+02 3.495601e+07 2.386497e-01
9.080000e+01 8.794870e+01 3.923849e+02 1.419077e+02 3.598904e+07 2.414013e-01
9.120000e+01 8.781686e+01 3.910801e+02 1.420141e+02 3.704628e+07 2.441620e-01
9.160000e+01 8.768209e+01 3.897508e+02 1.421232e+02 3.812817e+07 2.469317e-01
9.200000e+01 8.754432e+01 3.883965e+02 1.422350e+02 3.923514e+07 2.497104e-01
9.240000e+01 8.740346e+01 3.870167e+02 1.423496e+02 4.036763e+07 2.524981e-01
9.280000e+01 8.725946e+01 3.856108e+02 1.424670e+02 4.152612e+07 2.552949e-01
9.320000e+01 8.711223e+01 3.841783e+02 1.425873e+02 4.271105e+07 2.581008e-01
9.360000e+01 8.696170e+01 3.827185e+02 1.427107e+02 4.392289e+07 2.609158e-01
9.400000e+01 8.680778e+01 3.812309e+02 1.428372e+02 4.516213e+07 2.637398e-01
9.440000e+01 8.665038e+01 3.797148e+02 1.429668e+02 4.642924e+07 2.665731e-01
9.480000e+01 8.648942e+01 3.781695e+02 1.430998e+02 4.772472e+07 2.694156e-01
9.520000e+01 8.632480e+01 3.765944e+02 1.432362e+02 4.904906e+07 2.722674e-01
9.560000e+01 8.615643e+01 3.749887e+02 1.433761e+02 5.040277e+07 2.751285e-01
9.600000e+01 8.598421e+01 3.733517e+02 1.435196e+02 5.178637e+07 2.779991e-01
9.640000e+01 8.580802e+01 3.716825e+02 1.436669e+02 5.320039e+07 2.808791e-01
9.680000e+01 8.562777e+01 3.699805e+02 1.438180e+02 5.464535e+07 2.837687e-01
9.720000e+01 8.544334e+01 3.682447e+02 1.439731e+02 5.612180e+07 2.866680e-01
9.760000e+01 8.525461e+01 3.664742e+02 1.441324e+02 5.763029e+07 2.895771e-01
9.800000e+01 8.506145e+01 3.646681e+02 1.442960e+02 5.917138e+07 2.924961e-01
9.840000e+01 8.486374e+01 3.628254e+02 1.444640e+02 6.074564e+07 2.954252e-01
9.880000e+01 8.466133e+01 3.609451e+02 1.446365e+02 6.235366e+07 2.983644e-01
9.920000e+01 8.445408e+01 3.590260e+02 1.448139e+02 6.399603e+07 3.013139e-01
9.960000e+01 8.424184e+01 3.570672e+02 1.449962e+02 6.567336e+07 3.042739e-01
1.000000e+02 8.402445e+01 3.550674e+02 1.451837e+02 6.738625e+07 3.072445e-01
1.004000e+02 8.380175e+01 3.530253e+02 1.453764e+02 6.913534e+07 3.102259e-01
1.008000e+02 8.357355e+01 3.509396e+02 1.455748e+02 7.092127e+07 3.132183e-01
1.012000e+02 8.333968e+01 3.488089e+02 1.457789e+02 7.274469e+07 3.162220e-01
1.016000e+02 8.309993e+01 3.466317e+02 1.459890e+02 7.460627e+07 3.192370e-01
1.020000e+02 8.285410e+01 3.444066e+02 1.462055e+02 7.650669e+07 3.222638e-01
1.024000e+02 8.260197e+01 3.421318e+02 1.464284e+02 7.844664e+07 3.253024e-01
1.028000e+02 8.234330e+01 3.398056e+02 1.466582e+02 8.042684e+07 3.283532e-01
1.032000e+02 8.207785e+01 3.374262e+02 1.468952e+02 8.244802e+07 3.314165e-01
1.036000e+02 8.180536e+01 3.349916e+02 1.471396e+02 8.451091e+07 3.344926e-01
1.040000e+02 8.152554e+01 3.324996e+02 1.473919e+02 8.661629e+07 3.375818e-01
1.044000e+02 8.123810e+01 3.299481e+02 1.476525e+02 8.876493e+07 3.406843e-01
1.048000e+02 8.094271e+01 3.273347e+02 1.479216e+02 9.095763e+07 3.438007e-01
1.052000e+02 8.063904e+01 3.246569e+02 1.481999e+02 9.319523e+07 3.469313e-01
1.056000e+02 8.032672e+01 3.219118e+02 1.484877e+02 9.547855e+07 3.500765e-01
1.060000e+02 8.000536e+01 3.190966e+02 1.487856e+02 9.780847e+07 3.532367e-01
1.064000e+02 7.967453e+01 3.162081e+02 1.490942e+02 1.001859e+08 3.564124e-01
1.068000e+02 7.933377e+01 3.132429e+02 1.494141e+02 1.026117e+08 3.596041e-01
1.072000e+02 7.898259e+01 3.101973e+02 1.497459e+02 1.050869e+08 3.628124e-01
1.076000e+02 7.862045e+01 3.070673e+02 1.500904e+02 1.076124e+08 3.660379e-01
1.080000e+02 7.824678e+01 3.038487e+02 1.504483e+02 1.101893e+08 3.692811e-01
1.084000e+02 7.786093e+01 3.005366e+02 1.508206e+02 1.128185e+08 3.725427e-01
1.088000e+02 7.746220e+01 2.971260e+02 1.512083e+02 1.155012e+08 3.758234e-01
1.092000e+02 7.704985e+01 2.936112e+02 1.516124e+02 1.182385e+08 3.791240e-01
1.096000e+02 7.662301e+01 2.899860e+02 1.520341e+02 1.210316e+08 3.824454e-01
1.100000e+02 7.618078e+01 2.862437e+02 1.524747e+02 1.238817e+08 3.857883e-01
1.104000e+02 7.572211e+01 2.823765e+02 1.529358e+02 1.267900e+08 3.891539e-01
1.108000e+02 7.524586e+01 2.783762e+02 1.534190e+02 1.297578e+08 3.925431e-01
1.112000e+02 7.475075e+01 2.742333e+02 1.539263e+02 1.327867e+08 3.959570e-01
1.116000e+02 7.423533e+01 2.699374e+02 1.544597e+02 1.358779e+08 3.993970e-01
1.120000e+02 7.369797e+01 2.654765e+02 1.550218e+02 1.390331e+08 4.028644e-01
1.124000e+02 7.313680e+01 2.608371e+02 1.556154e+02 1.422539e+08 4.063606e-01
1.128000e+02 7.254970e+01 2.560040e+02 1.562438e+02 1.455420e+08 4.098874e-01
1.132000e+02 7.193420e+01 2.509594e+02 1.569108e+02 1.488992e+08 4.134466e-01
1.136000e+02 7.128744e+01 2.456829e+02 1.576210e+02 1.523275e+08 4.170402e-01
1.140000e+02 7.060606e+01 2.401507e+02 1.583797e+02 1.558291e+08 4.206704e-01
1.144000e+02 6.988605e+01 2.343344e+02 1.591935e+02 1.594062e+08 4.243400e-01
1.148000e+02 6.912263e+01 2.282007e+02 1.600702e+02 1.630614e+08 4.280518e-01
1.152000e+02 6.830995e+01 2.217089e+02 1.610195e+02 1.667973e+08 4.318091e-01
1.156000e+02 6.744079e+01 2.148095e+02 1.620538e+02 1.706170e+08 4.356159e-01
1.160000e+02 6.650605e+01 2.074408e+02 1.631887e+02 1.745239e+08 4.394767e-01
1.164000e+02 6.549404e+01 1.995249e+02 1.644446e+02 1.785220e+08 4.433968e-01
1.168000e+02 6.438930e+01 1.909604e+02 1.658493e+02 1.826156e+08 4.473828e-01
1.172000e+02 6.317077e+01 1.816131e+02 1.674413e+02 1.868100e+08 4.514426e-01
1.176000e+02 6.180860e+01 1.712983e+02 1.692763e+02 1.911116e+08 4.555862e-01
1.180000e+02 6.025825e+01 1.597535e+02 1.714401e+02 1.955283e+08 4.598268e-01
1.184000e+02 5.844875e+01 1.465882e+02 1.740736e+02 2.000701e+08 4.641819e-01
1.188000e+02 5.625614e+01 1.311971e+02 1.774335e+02 2.047514e+08 4.686772e-01
1.192000e+02 5.343472e+01 1.126512e+02 1.820576e+02 2.095930e+08 4.733524e-01
1.196000e+02 4.941780e+01 9.029042e+01 1.893123e+02 2.146308e+08 4.782778e-01
1.200000e+02 4.330977e+01 7.491016e+01 2.022216e+02 2.199295e+08 4.835832e-01
1.204000e+02 3.771202e+01 9.040287e+01 2.167108e+02 2.255246e+08 4.893289e-01
1.208000e+02 3.434571e+01 1.104313e+02 2.270828e+02 2.313354e+08 4.953215e-01
1.212000e+02 3.207329e+01 1.268356e+02 2.349897e+02 2.372989e+08 5.014159e-01
1.216000e+02 3.035880e+01 1.404105e+02 2.415340e+02 2.433871e+08 5.075466e-01
1.220000e+02 2.897786e+01 1.520124e+02 2.472221e+02 2.495850e+08 5.136791e-01
1.224000e+02 2.781889e+01 1.621890e+02 2.523194e+02 2.558839e+08 5.197925e-01
1.228000e+02 2.681864e+01 1.712918e+02 2.569817e+02 2.622779e+08 5.258731e-01
1.232000e+02 2.593784e+01 1.795567e+02 2.613086e+02 2.687630e+08 5.319115e-01
1.236000e+02 2.515038e+01 1.871486e+02 2.653679e+02 2.753362e+08 5.379009e-01
1.240000e+02 2.443799e+01 1.941878e+02 2.692079e+02 2.819955e+08 5.438362e-01
1.244000e+02 2.378740e+01 2.007641e+02 2.728645e+02 2.887390e+08 5.497139e-01
1.248000e+02 2.318862e+01 2.069469e+02 2.763650e+02 2.955656e+08 5.555311e-01
1.252000e+02 2.263396e+01 2.127906e+02 2.797308e+02 3.024743e+08 5.612857e-01
1.256000e+02 2.211734e+01 2.183390e+02 2.829789e+02 3.094643e+08 5.669761e-01
1.260000e+02 2.163390e+01 2.236276e+02 2.861233e+02 3.165351e+08 5.726014e-01
1.264000e+02 2.117965e+01 2.286857e+02 2.891753e+02 3.236861e+08 5.781607e-01
1.268000e+02 2.075131e+01 2.335381e+02 2.921445e+02 3.309172e+08 5.836534e-01
1.272000e+02 2.034614e+01 2.382054e+02 2.950391e+02 3.382280e+08 5.890794e-01
1.276000e+02 1.996180e+01 2.427053e+02 2.978658e+02 3.456184e+08 5.944384e-01
1.280000e+02 1.959632e+01 2.470531e+02 3.006307e+02 3.530883e+08 5.997306e-01
1.284000e+02 1.924797e+01 2.512619e+02 3.033389e+02 3.606377e+08 6.049561e-01
1.288000e+02 1.891528e+01 2.553435e+02 3.059949e+02 3.682667e+08 6.101151e-01
1.292000e+02 1.859695e+01 2.593077e+02 3.086027e+02 3.759753e+08 6.152080e-01
1.296000e+02 1.829184e+01 2.631637e+02 3.111658e+02 3.837635e+08 6.202353e-01
1.300000e+02 1.799896e+01 2.669193e+02 3.136873e+02 3.916316e+08 6.251973e-01
1.304000e+02 1.771740e+01 2.705818e+02 3.161700e+02 3.995797e+08 6.300948e-01
1.308000e+02 1.744636e+01 2.741573e+02 3.186164e+02 4.076080e+08 6.349281e-01
1.312000e+02 1.718514e+01 2.776517e+02 3.210288e+02 4.157168e+08 6.396980e-01
1.316000e+02 1.693309e+01 2.810702e+02 3.234092e+02 4.239061e+08 6.444050e-01
1.320000e+02 1.668963e+01 2.844173e+02 3.257596e+02 4.321764e+08 6.490499e-01
1.324000e+02 1.645423e+01 2.876975e+02 3.280815e+02 4.405278e+08 6.536333e-01
1.328000e+02 1.622641e+01 2.909146e+02 3.303766e+02 4.489607e+08 6.581559e-01
1.332000e+02 1.600574e+01 2.940721e+02 3.326463e+02 4.574753e+08 6.626184e-01
1.336000e+02 1.579181e+01 2.971733e+02 3.348919e+02 4.660720e+08 6.670217e-01
1.340000e+02 1.558426e+01 3.002213e+02 3.371146e+02 4.747511e+08 6.713663e-01
1.344000e+02 1.538275e+01 3.032188e+02 3.393154e+02 4.835129e+08 6.756530e-01
1.348000e+02 1.518696e+01 3.061684e+02 3.414956e+02 4.923577e+08 6.798826e-01
1.352000e+02 1.499662e+01 3.090724e+02 3.436559e+02 5.012860e+08 6.840559e-01
1.356000e+02 1.481146e+01 3.119330e+02 3.457973e+02 5.102980e+08 6.881735e-01
1.360000e+02 1.463122e+01 3.147524e+02 3.479207e+02 5.193942e+08 6.922361e-01
1.364000e+02 1.445568e+01 3.175324e+02 3.500268e+02 5.285750e+08 6.962447e-01
1.368000e+02 1.428462e+01 3.202748e+02 3.521163e+02 5.378406e+08 7.001998e-01
1.372000e+02 1.411785e+01 3.229812e+02 3.541900e+02 5.471915e+08 7.041022e-01
1.376000e+02 1.395518e+01 3.256533e+02 3.562484e+02 5.566282e+08 7.079527e-01
1.380000e+02 1.379643e+01 3.282924e+02 3.582921e+02 5.661509e+08 7.117519e-01
1.384000e+02 1.364143e+01 3.308999e+02 3.603218e+02 5.757602e+08 7.155006e-01
1.388000e+02 1.349005e+01 3.334772e+02 3.623379e+02 5.854563e+08 7.191996e-01
1.392000e+02 1.334212e+01 3.360255e+02 3.643410e+02 5.952398e+08 7.228494e-01
1.396000e+02 1.319753e+01 3.385458e+02 3.663315e+02 6.051111e+08 7.264508e-01
1.400000e+02 1.305613e+01 3.410393e+02 3.683099e+02 6.150706e+08 7.300046e-01
1.404000e+02 1.291780e+01 3.435070e+02 3.702766e+02 6.251187e+08 7.335113e-01
1.408000e+02 1.278244e+01 3.459498e+02 3.722320e+02 6.352559e+08 7.369717e-01
1.412000e+02 1.264993e+01 3.483687e+02 3.741764e+02 6.454825e+08 7.403865e-01
1.416000e+02 1.252018e+01 3.507645e+02 3.761104e+02 6.557992e+08 7.437562e-01
1.420000e+02 1.239308e+01 3.531380e+02 3.780341e+02 6.662062e+08 7.470816e-01
1.424000e+02 1.226855e+01 3.554901e+02 3.799479e+02 6.767041e+08 7.503633e-01
1.428000e+02 1.214649e+01 3.578214e+02 3.818521e+02 6.872932e+08 7.536019e-01
1.432000e+02 1.202682e+01 3.601327e+02 3.837471e+02 6.979742e+08 7.567981e-01
1.436000e+02 1.190948e+01 3.624246e+02 3.856330e+02 7.087474e+08 7.599525e-01
1.440000e+02 1.179437e+01 3.646977e+02 3.875103e+02 7.196132e+08 7.630657e-01
1.444000e+02 1.168143e+01 3.669528e+02 3.893791e+02 7.305723e+08 7.661383e-01
1.448000e+02 1.157059e+01 3.691903e+02 3.912396e+02 7.416249e+08 7.691709e-01
1.452000e+02 1.146179e+01 3.714108e+02 3.930922e+02 7.527717e+08 7.721641e-01
1.456000e+02 1.135496e+01 3.736148e+02 3.949370e+02 7.640131e+08 7.751184e-01
1.460000e+02 1.125004e+01 3.758029e+02 3.967743e+02 7.753495e+08 7.780345e-01
1.464000e+02 1.114698e+01 3.779754e+02 3.986042e+02 7.867815e+08 7.809129e-01
1.468000e+02 1.104573e+01 3.801330e+02 4.004271e+02 7.983095e+08 7.837541e-01
1.472000e+02 1.094622e+01 3.822760e+02 4.022429e+02 8.099340e+08 7.865587e-01
1.476000e+02 1.084842e+01 3.844048e+02 4.040520e+02 8.216555e+08 7.893273e-01
1.480000e+02 1.075227e+01 3.865199e+02 4.058546e+02 8.334746e+08 7.920603e-01
1.484000e+02 1.065773e+01 3.886217e+02 4.076507e+02 8.453916e+08 7.947583e-01
1.488000e+02 1.056476e+01 3.907105e+02 4.094405e+02 8.574071e+08 7.974219e-01
1.492000e+02 1.047330e+01 3.927866e+02 4.112243e+02 8.695217e+08 8.000514e-01
1.496000e+02 1.038333e+01 3.948505e+02 4.130021e+02 8.817357e+08 8.026474e-01
1.500000e+02 1.029480e+01 3.969024e+02 4.147741e+02 8.940497e+08 8.052105e-01
1.504000e+02 1.020767e+01 3.989428e+02 4.165405e+02 9.064643e+08 8.077410e-01
1.508000e+02 1.012191e+01 4.009718e+02 4.183013e+02 9.189798e+08 8.102394e-01
1.512000e+02 1.003749e+01 4.029898e+02 4.200568e+02 9.315969e+08 8.127063e-01
1.516000e+02 9.954366e+00 4.049970e+02 4.218070e+02 9.443160e+08 8.151421e-01
1.520000e+02 9.872511e+00 4.069939e+02 4.235520e+02 9.571377e+08 8.175472e-01
1.524000e+02 9.791893e+00 4.089805e+02 4.252920e+02 9.700625e+08 8.199221e-01
1.528000e+02 9.712482e+00 4.109572e+02 4.270271e+02 9.830908e+08 8.222672e-01
1.532000e+02 9.634249e+00 4.129242e+02 4.287574e+02 9.962233e+08 8.245830e-01
1.536000e+02 9.557165e+00 4.148818e+02 4.304830e+02 1.009460e+09 8.268699e-01
1.540000e+02 9.481205e+00 4.168302e+02 4.322040e+02 1.022803e+09 8.291283e-01
1.544000e+02 9.406342e+00 4.187695e+02 4.339205e+02 1.036251e+09 8.313585e-01
1.548000e+02 9.332551e+00 4.207001e+02 4.356326e+02 1.049805e+09 8.335611e-01
1.552000e+02 9.259807e+00 4.226222e+02 4.373404e+02 1.063466e+09 8.357365e-01
1.556000e+02 9.188086e+00 4.245358e+02 4.390440e+02 1.077234e+09 8.378849e-01
1.560000e+02 9.117367e+00 4.264413e+02 4.407434e+02 1.091110e+09 8.400069e-01
1.564000e+02 9.047625e+00 4.283388e+02 4.424388e+02 1.105094e+09 8.421027e-01
1.568000e+02 8.978842e+00 4.302285e+02 4.441303e+02 1.119187e+09 8.441728e-01
1.572000e+02 8.910995e+00 4.321106e+02 4.458179e+02 1.133390e+09 8.462175e-01
1.576000e+02 8.844065e+00 4.339852e+02 4.475016e+02 1.147703e+09 8.482372e-01
1.580000e+02 8.778031e+00 4.358525e+02 4.491816e+02 1.162126e+09 8.502323e-01
1.584000e+02 8.712876e+00 4.377127e+02 4.508580e+02 1.176660e+09 8.522030e-01
1.588000e+02 8.648581e+00 4.395660e+02 4.525308e+02 1.191306e+09 8.541498e-01
1.592000e+02 8.585127e+00 4.414124e+02 4.542001e+02 1.206064e+09 8.560730e-01
1.596000e+02 8.522498e+00 4.432521e+02 4.558659e+02 1.220934e+09 8.579729e-01
1.600000e+02 8.460678e+00 4.450853e+02 4.575283e+02 1.235918e+09 8.598499e-01
1.604000e+02 8.399648e+00 4.469121e+02 4.591874e+02 1.251016e+09 8.617042e-01
1.608000e+02 8.339395e+00 4.487327e+02 4.608433e+02 1.266228e+09 8.635363e-01
1.612000e+02 8.279903e+00 4.505471e+02 4.624960e+02 1.281555e+09 8.653463e-01
1.616000e+02 8.221156e+00 4.523555e+02 4.641455e+02 1.296998e+09 8.671347e-01
1.620000e+02 8.163140e+00 4.541580e+02 4.657919e+02 1.312556e+09 8.689017e-01
1.624000e+02 8.105841e+00 4.559548e+02 4.674353e+02 1.328231e+09 8.706477e-01
1.628000e+02 8.049246e+00 4.577459e+02 4.690757e+02 1.344024e+09 8.723728e-01
1.632000e+02 7.993341e+00 4.595315e+02 4.707132e+02 1.359934e+09 8.740775e-01
1.636000e+02 7.938112e+00 4.613117e+02 4.723479e+02 1.375962e+09 8.757620e-01
1.640000e+02 7.883548e+00 4.630865e+02 4.739797e+02 1.392109e+09 8.774265e-01
1.644000e+02 7.829636e+00 4.648562e+02 4.756087e+02 1.408376e+09 8.790714e-01
1.648000e+02 7.776363e+00 4.666207e+02 4.772350e+02 1.424763e+09 8.806970e-01
1.652000e+02 7.723719e+00 4.683802e+02 4.788586e+02 1.441270e+09 8.823034e-01
1.656000e+02 7.671692e+00 4.701348e+02 4.804796e+02 1.457899e+09 8.838911e-01
1.660000e+02 7.620271e+00 4.718846e+02 4.820980e+02 1.474649e+09 8.854601e-01
1.664000e+02 7.569445e+00 4.736296e+02 4.837139e+02 1.491521e+09 8.870108e-01
1.668000e+02 7.519204e+00 4.753700e+02 4.853272e+02 1.508517e+09 8.885435e-01
1.672000e+02 7.469536e+00 4.771058e+02 4.869381e+02 1.525635e+09 8.900583e-01
1.676000e+02 7.420433e+00 4.788372e+02 4.885465e+02 1.542878e+09 8.915556e-01
1.680000e+02 7.371884e+00 4.805641e+02 4.901526e+02 1.560246e+09 8.930355e-01
1.684000e+02 7.323881e+00 4.822868e+02 4.917563e+02 1.577739e+09 8.944983e-01
1.688000e+02 7.276412e+00 4.840052e+02 4.933577e+02 1.595357e+09 8.959443e-01
1.692000e+02 7.229471e+00 4.857195e+02 4.949568e+02 1.613103e+09 8.973736e-01
1.696000e+02 7.183046e+00 4.874296e+02 4.965537e+02 1.630975e+09 8.987866e-01
1.700000e+02 7.137131e+00 4.891358e+02 4.981484e+02 1.648974e+09 9.001833e-01
1.704000e+02 7.091716e+00 4.908380e+02 4.997409e+02 1.667102e+09 9.015641e-01
1.708000e+02 7.046794e+00 4.925363e+02 5.013312e+02 1.685359e+09 9.029291e-01
1.712000e+02 7.002356e+00 4.942309e+02 5.029195e+02 1.703745e+09 9.042786e-01
1.716000e+02 6.958394e+00 4.959217e+02 5.045057e+02 1.722261e+09 9.056128e-01
1.720000e+02 6.914900e+00 4.976088e+02 5.060898e+02 1.740907e+09 9.069318e-01
1.724000e+02 6.871868e+00 4.992923e+02 5.076719e+02 1.759685e+09 9.082359e-01
1.728000e+02 6.829289e+00 5.009723e+02 5.092521e+02 1.778595e+09 9.095253e-01
1.732000e+02 6.787157e+00 5.026487e+02 5.108303e+02 1.797637e+09 9.108002e-01
1.736000e+02 6.745464e+00 5.043218e+02 5.124065e+02 1.816812e+09 9.120607e-01
1.740000e+02 6.704204e+00 5.059914e+02 5.139809e+02 1.836120e+09 9.133071e-01
1.744000e+02 6.663370e+00 5.076577e+02 5.155533e+02 1.855563e+09 9.145396e-01
1.748000e+02 6.622954e+00 5.093208e+02 5.171240e+02 1.875140e+09 9.157583e-01
1.752000e+02 6.582952e+00 5.109807e+02 5.186928e+02 1.894854e+09 9.169634e-01
1.756000e+02 6.543356e+00 5.126373e+02 5.202598e+02 1.914703e+09 9.181551e-01
1.760000e+02 6.504160e+00 5.142909e+02 5.218251e+02 1.934688e+09 9.193336e-01
1.764000e+02 6.465359e+00 5.159414e+02 5.233886e+02 1.954811e+09 9.204990e-01
1.768000e+02 6.426946e+00 5.175889e+02 5.249504e+02 1.975072e+09 9.216515e-01
1.772000e+02 6.388915e+00 5.192335e+02 5.265105e+02 1.995472e+09 9.227914e-01
1.776000e+02 6.351261e+00 5.208751e+02 5.280689e+02 2.016011e+09 9.239186e-01
1.780000e+02 6.313979e+00 5.225139e+02 5.296256e+02 2.036689e+09 9.250335e-01
1.784000e+02 6.277062e+00 5.241498e+02 5.311808e+02 2.057508e+09 9.261362e-01
1.788000e+02 6.240506e+00 5.257829e+02 5.327343e+02 2.078468e+09 9.272268e-01
1.792000e+02 6.204305e+00 5.274133e+02 5.342862e+02 2.099569e+09 9.283055e-01
1.796000e+02 6.168454e+00 5.290410e+02 5.358366e+02 2.120813e+09 9.293725e-01
1.800000e+02 6.132948e+00 5.306660e+02 5.373855e+02 2.142200e+09 9.304278e-01
1.804000e+02 6.097783e+00 5.322885e+02 5.389328e+02 2.163730e+09 9.314717e-01
1.808000e+02 6.062953e+00 5.339083e+02 5.404786e+02 2.185404e+09 9.325043e-01
1.812000e+02 6.028453e+00 5.355256e+02 5.420229e+02 2.207223e+09 9.335257e-01
1.816000e+02 5.994279e+00 5.371404e+02 5.435657e+02 2.229188e+09 9.345361e-01
1.820000e+02 5.960427e+00 5.387528e+02 5.451071e+02 2.251299e+09 9.355357e-01
1.824000e+02 5.926892e+00 5.403627e+02 5.466471e+02 2.273556e+09 9.365245e-01
1.828000e+02 5.893669e+00 5.419702e+02 5.481857e+02 2.295961e+09 9.375027e-01
1.832000e+02 5.860755e+00 5.435753e+02 5.497228e+02 2.318514e+09 9.384705e-01
1.836000e+02 5.828145e+00 5.451782e+02 5.512586e+02 2.341216e+09 9.394279e-01
1.840000e+02 5.795834e+00 5.467787e+02 5.527931e+02 2.364066e+09 9.403751e-01
1.844000e+02 5.763820e+00 5.483770e+02 5.543261e+02 2.387067e+09 9.413123e-01
1.848000e+02 5.732097e+00 5.499730e+02 5.558579e+02 2.410218e+09 9.422395e-01
1.852000e+02 5.700662e+00 5.515669e+02 5.573884e+02 2.433521e+09 9.431569e-01
1.856000e+02 5.669512e+00 5.531586e+02 5.589175e+02 2.456975e+09 9.440646e-01
1.860000e+02 5.638642e+00 5.547482e+02 5.604454e+02 2.480583e+09 9.449627e-01
1.864000e+02 5.608048e+00 5.563356e+02 5.619720e+02 2.504343e+09 9.458514e-01
1.868000e+02 5.577728e+00 5.579210e+02 5.634974e+02 2.528257e+09 9.467307e-01
1.872000e+02 5.547677e+00 5.595044e+02 5.650215e+02 2.552325e+09 9.476008e-01
1.876000e+02 5.517892e+00 5.610857e+02 5.665444e+02 2.576549e+09 9.484619e-01
1.880000e+02 5.488369e+00 5.626650e+02 5.680661e+02 2.600929e+09 9.493139e-01
1.884000e+02 5.459106e+00 5.642424e+02 5.695866e+02 2.625465e+09 9.501571e-01
1.888000e+02 5.430098e+00 5.658178e+02 5.711060e+02 2.650158e+09 9.509914e-01
1.892000e+02 5.401343e+00 5.673914e+02 5.726242e+02 2.675009e+09 9.518172e-01
1.896000e+02 5.372838e+00 5.689630e+02 5.741412e+02 2.700019e+09 9.526343e-01
1.900000e+02 5.344578e+00 5.705328e+02 5.756571e+02 2.725188e+09 9.534431e-01
1.904000e+02 5.316562e+00 5.721007e+02 5.771718e+02 2.750516e+09 9.542435e-01
1.908000e+02 5.288785e+00 5.736669e+02 5.786855e+02 2.776005e+09 9.550356e-01
1.912000e+02 5.261246e+00 5.752312e+02 5.801980e+02 2.801655e+09 9.558196e-01
1.916000e+02 5.233941e+00 5.767938e+02 5.817095e+02 2.827468e+09 9.565956e-01
1.920000e+02 5.206867e+00 5.783547e+02 5.832199e+02 2.853442e+09 9.573636e-01
1.924000e+02 5.180021e+00 5.799138e+02 5.847292e+02 2.879580e+09 9.581238e-01
1.928000e+02 5.153401e+00 5.814712e+02 5.862375e+02 2.905882e+09 9.588762e-01
1.932000e+02 5.127004e+00 5.830270e+02 5.877447e+02 2.932348e+09 9.596210e-01
1.936000e+02 5.100826e+00 5.845811e+02 5.892509e+02 2.958979e+09 9.603582e-01
1.940000e+02 5.074867e+00 5.861336e+02 5.907561e+02 2.985776e+09 9.610880e-01
1.944000e+02 5.049122e+00 5.876845e+02 5.922603e+02 3.012740e+09 9.618103e-01
1.948000e+02 5.023589e+00 5.892337e+02 5.937635e+02 3.039872e+09 9.625254e-01
1.952000e+02 4.998266e+00 5.907815e+02 5.952657e+02 3.067171e+09 9.632333e-01
1.956000e+02 4.973151e+00 5.923276e+02 5.967669e+02 3.094639e+09 9.639340e-01
1.960000e+02 4.948240e+00 5.938722e+02 5.982672e+02 3.122276e+09 9.646277e-01
1.964000e+02 4.923531e+00 5.954154e+02 5.997665e+02 3.150083e+09 9.653145e-01
1.968000e+02 4.899023e+00 5.969570e+02 6.012649e+02 3.178061e+09 9.659944e-01
1.972000e+02 4.874712e+00 5.984971e+02 6.027623e+02 3.206210e+09 9.666675e-01
1.976000e+02 4.850596e+00 6.000358e+02 6.042588e+02 3.234532e+09 9.673339e-01
1.980000e+02 4.826674e+00 6.015730e+02 6.057544e+02 3.263026e+09 9.679937e-01
1.984000e+02 4.802942e+00 6.031089e+02 6.072491e+02 3.291694e+09 9.686469e-01
1.988000e+02 4.779400e+00 6.046433e+02 6.087429e+02 3.320536e+09 9.692937e-01
1.992000e+02 4.756043e+00 6.061763e+02 6.102358e+02 3.349553e+09 9.699341e-01
1.996000e+02 4.732871e+00 6.077080e+02 6.117278e+02 3.378745e+09 9.705682e-01
2.000000e+02 4.709882e+00 6.092383e+02 6.132190e+02 3.408114e+09 9.711960e-01
2.004000e+02 4.687072e+00 6.107672e+02 6.147092e+02 3.437660e+09 9.718176e-01
2.008000e+02 4.664441e+00 6.122949e+02 6.161987e+02 3.467383e+09 9.724332e-01
2.012000e+02 4.641986e+00 6.138212e+02 6.176873e+02 3.497285e+09 9.730427e-01
2.016000e+02 4.619705e+00 6.153462e+02 6.191750e+02 3.527366e+09 9.736463e-01
2.020000e+02 4.597596e+00 6.168700e+02 6.206620e+02 3.557627e+09 9.742440e-01
2.024000e+02 4.575658e+00 6.183925e+02 6.221481e+02 3.588069e+09 9.748359e-01
2.028000e+02 4.553889e+00 6.199137e+02 6.236334e+02 3.618692e+09 9.754220e-01
2.032000e+02 4.532285e+00 6.214338e+02 6.251179e+02 3.649496e+09 9.760024e-01
2.036000e+02 4.510847e+00 6.229525e+02 6.266016e+02 3.680484e+09 9.765772e-01
2.040000e+02 4.489572e+00 6.244701e+02 6.280845e+02 3.711655e+09 9.771465e-01
2.044000e+02 4.468458e+00 6.259865e+02 6.295667e+02 3.743010e+09 9.777103e-01
2.048000e+02 4.447503e+00 6.275017e+02 6.310480e+02 3.774550e+09 9.782686e-01
2.052000e+02 4.426707e+00 6.290158e+02 6.325286e+02 3.806275e+09 9.788216e-01
2.056000e+02 4.406066e+00 6.305287e+02 6.340085e+02 3.838187e+09 9.793693e-01
2.060000e+02 4.385580e+00 6.320404e+02 6.354876e+02 3.870286e+09 9.799118e-01
2.064000e+02 4.365246e+00 6.335511e+02 6.369659e+02 3.902573e+09 9.804490e-01
2.068000e+02 4.345064e+00 6.350606e+02 6.384435e+02 3.935048e+09 9.809812e-01
2.072000e+02 4.325031e+00 6.365690e+02 6.399204e+02 3.967712e+09 9.815082e-01
2.076000e+02 4.305146e+00 6.380763e+02 6.413966e+02 4.000567e+09 9.820303e-01
2.080000e+02 4.285407e+00 6.395825e+02 6.428720e+02 4.033612e+09 9.825474e-01
2.084000e+02 4.265814e+00 6.410877e+02 6.443467e+02 4.066848e+09 9.830597e-01
2.088000e+02 4.246363e+00 6.425918e+02 6.458208e+02 4.100277e+09 9.835671e-01
2.092000e+02 4.227054e+00 6.440949e+02 6.472941e+02 4.133898e+09 9.840697e-01
2.096000e+02 4.207886e+00 6.455969e+02 6.487667e+02 4.167714e+09 9.845675e-01
2.100000e+02 4.188857e+00 6.470979e+02 6.502387e+02 4.201723e+09 9.850607e-01
2.104000e+02 4.169965e+00 6.485980e+02 6.517100e+02 4.235928e+09 9.855493e-01
2.108000e+02 4.151209e+00 6.500970e+02 6.531806e+02 4.270328e+09 9.860333e-01
2.112000e+02 4.132588e+00 6.515950e+02 6.546505e+02 4.304925e+09 9.865128e-01
2.116000e+02 4.114100e+00 6.530920e+02 6.561198e+02 4.339720e+09 9.869878e-01
2.120000e+02 4.095744e+00 6.545881e+02 6.575884e+02 4.374712e+09 9.874584e-01
2.124000e+02 4.077519e+00 6.560832e+02 6.590564e+02 4.409903e+09 9.879246e-01
2.128000e+02 4.059423e+00 6.575773e+02 6.605237e+02 4.445294e+09 9.883865e-01
2.132000e+02 4.041455e+00 6.590706e+02 6.619904e+02 4.480886e+09 9.888441e-01
2.136000e+02 4.023614e+00 6.605629e+02 6.634565e+02 4.516678e+09 9.892975e-01
2.140000e+02 4.005898e+00 6.620542e+02 6.649219e+02 4.552672e+09 9.897467e-01
2.144000e+02 3.988306e+00 6.635447e+02 6.663867e+02 4.588869e+09 9.901917e-01
2.148000e+02 3.970837e+00 6.650342e+02 6.678509e+02 4.625269e+09 9.906327e-01
2.152000e+02 3.953490e+00 6.665229e+02 6.693145e+02 4.661873e+09 9.910696e-01
2.156000e+02 3.936263e+00 6.680107e+02 6.707775e+02 4.698682e+09 9.915025e-01
2.160000e+02 3.919156e+00 6.694976e+02 6.722399e+02 4.735697e+09 9.919315e-01
2.164000e+02 3.902167e+00 6.709836e+02 6.737017e+02 4.772918e+09 9.923565e-01
2.168000e+02 3.885295e+00 6.724688e+02 6.751629e+02 4.810347e+09 9.927777e-01
2.172000e+02 3.868539e+00 6.739532e+02 6.766235e+02 4.847983e+09 9.931951e-01
2.176000e+02 3.851898e+00 6.754367e+02 6.780835e+02 4.885828e+09 9.936086e-01
2.180000e+02 3.835370e+00 6.769193e+02 6.795430e+02 4.923882e+09 9.940184e-01
2.184000e+02 3.818955e+00 6.784012e+02 6.810019e+02 4.962147e+09 9.944245e-01
2.188000e+02 3.802651e+00 6.798822e+02 6.824602e+02 5.000622e+09 9.948270e-01
2.192000e+02 3.786458e+00 6.813624e+02 6.839180e+02 5.039310e+09 9.952258e-01
2.196000e+02 3.770374e+00 6.828418e+02 6.853752e+02 5.078210e+09 9.956210e-01
2.200000e+02 3.754398e+00 6.843205e+02 6.868318e+02 5.117323e+09 9.960127e-01
2.204000e+02 3.738529e+00 6.857983e+02 6.882879e+02 5.156650e+09 9.964008e-01
2.208000e+02 3.722767e+00 6.872754e+02 6.897435e+02 5.196193e+09 9.967855e-01
2.212000e+02 3.707110e+00 6.887517e+02 6.911985e+02 5.235950e+09 9.971668e-01
2.216000e+02 3.691558e+00 6.902272e+02 6.926530e+02 5.275925e+09 9.975446e-01
2.220000e+02 3.676108e+00 6.917020e+02 6.941070e+02 5.316116e+09 9.979191e-01
2.224000e+02 3.660761e+00 6.931760e+02 6.955604e+02 5.356526e+09 9.982903e-01
2.228000e+02 3.645515e+00 6.946493e+02 6.970134e+02 5.397154e+09 9.986581e-01
2.232000e+02 3.630370e+00 6.961219e+02 6.984658e+02 5.438002e+09 9.990227e-01
2.236000e+02 3.615324e+00 6.975937e+02 6.999177e+02 5.479070e+09 9.993841e-01
2.240000e+02 3.600377e+00 6.990648e+02 7.013690e+02 5.520360e+09 9.997423e-01
2.244000e+02 3.585527e+00 7.005353e+02 7.028199e+02 5.561871e+09 1.000097e+00
2.248000e+02 3.570774e+00 7.020049e+02 7.042703e+02 5.603605e+09 1.000449e+00
2.252000e+02 3.556117e+00 7.034739e+02 7.057202e+02 5.645563e+09 1.000798e+00
2.256000e+02 3.541555e+00 7.049423e+02 7.071695e+02 5.687745e+09 1.001144e+00
2.260000e+02 3.527087e+00 7.064099e+02 7.086184e+02 5.730152e+09 1.001487e+00
2.264000e+02 3.512713e+00 7.078768e+02 7.100669e+02 5.772785e+09 1.001826e+00
2.268000e+02 3.498431e+00 7.093431e+02 7.115148e+02 5.815645e+09 1.002163e+00
2.272000e+02 3.484240e+00 7.108087e+02 7.129622e+02 5.858732e+09 1.002497e+00
2.276000e+02 3.470140e+00 7.122736e+02 7.144092e+02 5.902047e+09 1.002828e+00
2.280000e+02 3.456130e+00 7.137379e+02 7.158557e+02 5.945592e+09 1.003156e+00
2.284000e+02 3.442210e+00 7.152015e+02 7.173018e+02 5.989367e+09 1.003481e+00
2.288000e+02 3.428377e+00 7.166645e+02 7.187473e+02 6.033372e+09 1.003804e+00
2.292000e+02 3.414633e+00 7.181268e+02 7.201925e+02 6.077609e+09 1.004123e+00
2.296000e+02 3.400975e+00 7.195885e+02 7.216371e+02 6.122078e+09 1.004440e+00
2.300000e+02 3.387403e+00 7.210496e+02 7.230813e+02 6.166780e+09 1.004754e+00
2.304000e+02 3.373916e+00 7.225101e+02 7.245251e+02 6.211717e+09 1.005066e+00
2.308000e+02 3.360514e+00 7.239699e+02 7.259684e+02 6.256888e+09 1.005375e+00
2.312000e+02 3.347196e+00 7.254291e+02 7.274113e+02 6.302295e+09 1.005681e+00
2.316000e+02 3.333960e+00 7.268878e+02 7.288537e+02 6.347938e+09 1.005984e+00
2.320000e+02 3.320807e+00 7.283458e+02 7.302957e+02 6.393818e+09 1.006285e+00
2.324000e+02 3.307736e+00 7.298032e+02 7.317372e+02 6.439937e+09 1.006584e+00
2.328000e+02 3.294745e+00 7.312601e+02 7.331784e+02 6.486294e+09 1.006880e+00
2.332000e+02 3.281835e+00 7.327163e+02 7.346191e+02 6.532891e+09 1.007173e+00
2.336000e+02 3.269004e+00 7.341720e+02 7.360593e+02 6.579729e+09 1.007464e+00
2.340000e+02 3.256252e+00 7.356271e+02 7.374992e+02 6.626808e+09 1.007752e+00
2.344000e+02 3.243578e+00 7.370816e+02 7.389386e+02 6.674129e+09 1.008038e+00
2.348000e+02 3.230982e+00 7.385356e+02 7.403777e+02 6.721693e+09 1.008322e+00
2.352000e+02 3.218462e+00 7.399890e+02 7.418163e+02 6.769501e+09 1.008603e+00
2.356000e+02 3.206019e+00 7.414418e+02 7.432545e+02 6.817554e+09 1.008882e+00
2.360000e+02 3.193651e+00 7.428941e+02 7.446923e+02 6.865852e+09 1.009158e+00
2.364000e+02 3.181358e+00 7.443459e+02 7.461297e+02 6.914396e+09 1.009432e+00
2.368000e+02 3.169139e+00 7.457971e+02 7.475667e+02 6.963188e+09 1.009704e+00
2.372000e+02 3.156994e+00 7.472478e+02 7.490033e+02 7.012227e+09 1.009974e+00
2.376000e+02 3.144921e+00 7.486979e+02 7.504395e+02 7.061516e+09 1.010241e+00
2.380000e+02 3.132921e+00 7.501475e+02 7.518753e+02 7.111054e+09 1.010506e+00
2.384000e+02 3.120993e+00 7.515966e+02 7.533107e+02 7.160843e+09 1.010769e+00
2.388000e+02 3.109136e+00 7.530452e+02 7.547457e+02 7.210883e+09 1.011030e+00
2.392000e+02 3.097350e+00 7.544932e+02 7.561804e+02 7.261175e+09 1.011288e+00
2.396000e+02 3.085634e+00 7.559408e+02 7.576147e+02 7.311720e+09 1.011545e+00
2.400000e+02 3.073987e+00 7.573878e+02 7.590486e+02 7.362519e+09 1.011799e+00
2.404000e+02 3.062409e+00 7.588343e+02 7.604821e+02 7.413573e+09 1.012051e+00
2.408000e+02 3.050899e+00 7.602804e+02 7.619152e+02 7.464883e+09 1.012301e+00
2.412000e+02 3.039457e+00 7.617259e+02 7.633480e+02 7.516449e+09 1.012549e+00
2.416000e+02 3.028082e+00 7.631710e+02 7.647804e+02 7.568272e+09 1.012796e+00
2.420000e+02 3.016773e+00 7.646155e+02 7.662125e+02 7.620353e+09 1.013040e+00
2.424000e+02 3.005531e+00 7.660596e+02 7.676441e+02 7.672694e+09 1.013282e+00
2.428000e+02 2.994354e+00 7.675032e+02 7.690755e+02 7.725294e+09 1.013522e+00
2.432000e+02 2.983243e+00 7.689463e+02 7.705064e+02 7.778155e+09 1.013760e+00
2.436000e+02 2.972195e+00 7.703890e+02 7.719370e+02 7.831277e+09 1.013996e+00
2.440000e+02 2.961212e+00 7.718311e+02 7.733673e+02 7.884662e+09 1.014230e+00
2.444000e+02 2.950292e+00 7.732729e+02 7.747972e+02 7.938311e+09 1.014463e+00
2.448000e+02 2.939435e+00 7.747141e+02 7.762268e+02 7.992223e+09 1.014693e+00
2.452000e+02 2.928641e+00 7.761549e+02 7.776560e+02 8.046401e+09 1.014922e+00
2.456000e+02 2.917908e+00 7.775953e+02 7.790848e+02 8.100844e+09 1.015149e+00
2.460000e+02 2.907237e+00 7.790352e+02 7.805134e+02 8.155554e+09 1.015373e+00
2.464000e+02 2.896627e+00 7.804746e+02 7.819415e+02 8.210532e+09 1.015597e+00
2.468000e+02 2.886077e+00 7.819136e+02 7.833694e+02 8.265778e+09 1.015818e+00
2.472000e+02 2.875587e+00 7.833522e+02 7.847969e+02 8.321294e+09 1.016038e+00
2.476000e+02 2.865157e+00 7.847903e+02 7.862241e+02 8.377080e+09 1.016255e+00
2.480000e+02 2.854786e+00 7.862280e+02 7.876509e+02 8.433137e+09 1.016471e+00
2.484000e+02 2.844473e+00 7.876653e+02 7.890774e+02 8.489466e+09 1.016686e+00
2.488000e+02 2.834219e+00 7.891021e+02 7.905036e+02 8.546068e+09 1.016898e+00
2.492000e+02 2.824022e+00 7.905386e+02 7.919295e+02 8.602943e+09 1.017109e+00
2.496000e+02 2.813882e+00 7.919746e+02 7.933551e+02 8.660093e+09 1.017319e+00
2.500000e+02 2.803799e+00 7.934101e+02 7.947803e+02 8.717519e+09 1.017526e+00
2.504000e+02 2.793773e+00 7.948453e+02 7.962052e+02 8.775221e+09 1.017732e+00
2.508000e+02 2.783802e+00 7.962801e+02 7.976298e+02 8.833201e+09 1.017937e+00
2.512000e+02 2.773887e+00 7.977144e+02 7.990541e+02 8.891458e+09 1.018139e+00
2.516000e+02 2.764027e+00 7.991484e+02 8.004781e+02 8.949995e+09 1.018340e+00
2.520000e+02 2.754221e+00 8.005819e+02 8.019017e+02 9.008812e+09 1.018540e+00
2.524000e+02 2.744470e+00 8.020151e+02 8.033251e+02 9.067909e+09 1.018738e+00
2.528000e+02 2.734772e+00 8.034478e+02 8.047481e+02 9.127288e+09 1.018934e+00
2.532000e+02 2.725128e+00 8.048802e+02 8.061709e+02 9.186950e+09 1.019129e+00
2.536000e+02 2.715537e+00 8.063122e+02 8.075933e+02 9.246895e+09 1.019323e+00
2.540000e+02 2.705998e+00 8.077437e+02 8.090154e+02 9.307125e+09 1.019515e+00
2.544000e+02 2.696512e+00 8.091749e+02 8.104373e+02 9.367640e+09 1.019705e+00
2.548000e+02 2.687077e+00 8.106058e+02 8.118588e+02 9.428441e+09 1.019894e+00
2.552000e+02 2.677693e+00 8.120362e+02 8.132801e+02 9.489530e+09 1.020081e+00
2.556000e+02 2.668361e+00 8.134663e+02 8.147011e+02 9.550906e+09 1.020267e+00
2.560000e+02 2.659079e+00 8.148960e+02 8.161217e+02 9.612571e+09 1.020452e+00
2.564000e+02 2.649847e+00 8.163253e+02 8.175421e+02 9.674527e+09 1.020635e+00
2.568000e+02 2.640666e+00 8.177542e+02 8.189622e+02 9.736772e+09 1.020817e+00
2.572000e+02 2.631533e+00 8.191828e+02 8.203820e+02 9.799310e+09 1.020997e+00
2.576000e+02 2.622450e+00 8.206111e+02 8.218015e+02 9.862140e+09 1.021176e+00
2.580000e+02 2.613416e+00 8.220389e+02 8.232208e+02 9.925263e+09 1.021353e+00
2.584000e+02 2.604430e+00 8.234664e+02 8.246397e+02 9.988681e+09 1.021529e+00
2.588000e+02 2.595491e+00 8.248936e+02 8.260584e+02 1.005239e+10 1.021704e+00
2.592000e+02 2.586601e+00 8.263204e+02 8.274768e+02 1.011640e+10 1.021878e+00
2.596000e+02 2.577758e+00 8.277468e+02 8.288949e+02 1.018071e+10 1.022050e+00
2.600000e+02 2.568962e+00 8.291730e+02 8.303128e+02 1.024531e+10 1.022221e+00
2.604000e+02 2.560212e+00 8.305987e+02 8.317304e+02 1.031022e+10 1.022390e+00
2.608000e+02 2.551509e+00 8.320241e+02 8.331477e+02 1.037542e+10 1.022558e+00
2.612000e+02 2.542852e+00 8.334492e+02 8.345647e+02 1.044092e+10 1.022725e+00
2.616000e+02 2.534240e+00 8.348739e+02 8.359815e+02 1.050673e+10 1.022891e+00
2.620000e+02 2.525674e+00 8.362984e+02 8.373980e+02 1.057284e+10 1.023056e+00
2.624000e+02 2.517152e+00 8.377224e+02 8.388143e+02 1.063925e+10 1.023219e+00
2.628000e+02 2.508675e+00 8.391462e+02 8.402303e+02 1.070597e+10 1.023381e+00
2.632000e+02 2.500243e+00 8.405696e+02 8.416460e+02 1.077299e+10 1.023541e+00
2.636000e+02 2.491854e+00 8.419927e+02 8.430615e+02 1.084032e+10 1.023701e+00
2.640000e+02 2.483509e+00 8.434154e+02 8.444767e+02 1.090795e+10 1.023859e+00
2.644000e+02 2.475208e+00 8.448379e+02 8.458916e+02 1.097590e+10 1.024016e+00
2.648000e+02 2.466949e+00 8.462600e+02 8.473063e+02 1.104415e+10 1.024172e+00
2.652000e+02 2.458734e+00 8.476818e+02 8.487208e+02 1.111271e+10 1.024327e+00
2.656000e+02 2.450560e+00 8.491033e+02 8.501350e+02 1.118158e+10 1.024481e+00
2.660000e+02 2.442429e+00 8.505244e+02 8.515489e+02 1.125077e+10 1.024633e+00
2.664000e+02 2.434339e+00 8.519453e+02 8.529626e+02 1.132027e+10 1.024785e+00
2.668000e+02 2.426292e+00 8.533659e+02 8.543760e+02 1.139008e+10 1.024935e+00
2.672000e+02 2.418285e+00 8.547861e+02 8.557892e+02 1.146021e+10 1.025084e+00
2.676000e+02 2.410319e+00 8.562060e+02 8.572022e+02 1.153065e+10 1.025232e+00
2.680000e+02 2.402394e+00 8.576257e+02 8.586149e+02 1.160141e+10 1.025379e+00
2.684000e+02 2.394509e+00 8.590450e+02 8.600274e+02 1.167249e+10 1.025525e+00
2.688000e+02 2.386665e+00 8.604641e+02 8.614396e+02 1.174388e+10 1.025670e+00
2.692000e+02 2.378860e+00 8.618828e+02 8.628516e+02 1.181560e+10 1.025813e+00
2.696000e+02 2.371095e+00 8.633012e+02 8.642634e+02 1.188764e+10 1.025956e+00
2.700000e+02 2.363369e+00 8.647194e+02 8.656749e+02 1.195999e+10 1.026097e+00
2.704000e+02 2.355682e+00 8.661373e+02 8.670862e+02 1.203267e+10 1.026238e+00
2.708000e+02 2.348033e+00 8.675548e+02 8.684972e+02 1.210568e+10 1.026378e+00
2.712000e+02 2.340424e+00 8.689721e+02 8.699080e+02 1.217900e+10 1.026516e+00
2.716000e+02 2.332852e+00 8.703891e+02 8.713186e+02 1.225265e+10 1.026654e+00
2.720000e+02 2.325318e+00 8.718058e+02 8.727290e+02 1.232663e+10 1.026790e+00
2.724000e+02 2.317822e+00 8.732223e+02 8.741391e+02 1.240094e+10 1.026925e+00
2.728000e+02 2.310363e+00 8.746384e+02 8.755490e+02 1.247557e+10 1.027060e+00
2.732000e+02 2.302941e+00 8.760543e+02 8.769586e+02 1.255054e+10 1.027193e+00
2.736000e+02 2.295557e+00 8.774699e+02 8.783681e+02 1.262583e+10 1.027326e+00
2.740000e+02 2.288209e+00 8.788852e+02 8.797773e+02 1.270145e+10 1.027458e+00
2.744000e+02 2.280897e+00 8.803003e+02 8.811863e+02 1.277741e+10 1.027588e+00
2.748000e+02 2.273621e+00 8.817150e+02 8.825951e+02 1.285370e+10 1.027718e+00
2.752000e+02 2.266381e+00 8.831295e+02 8.840037e+02 1.293032e+10 1.027847e+00
2.756000e+02 2.259177e+00 8.845438e+02 8.854120e+02 1.300728e+10 1.027975e+00
2.760000e+02 2.252009e+00 8.859577e+02 8.868201e+02 1.308457e+10 1.028101e+00
2.764000e+02 2.244875e+00 8.873715e+02 8.882280e+02 1.316220e+10 1.028227e+00
2.768000e+02 2.237776e+00 8.887849e+02 8.896357e+02 1.324017e+10 1.028353e+00
2.772000e+02 2.230712e+00 8.901981e+02 8.910432e+02 1.331848e+10 1.028477e+00
2.776000e+02 2.223683e+00 8.916110e+02 8.924505e+02 1.339713e+10 1.028600e+00
2.780000e+02 2.216688e+00 8.930237e+02 8.938575e+02 1.347611e+10 1.028722e+00
2.784000e+02 2.209726e+00 8.944361e+02 8.952644e+02 1.355544e+10 1.028844e+00
2.788000e+02 2.202799e+00 8.958482e+02 8.966710e+02 1.363511e+10 1.028965e+00
2.792000e+02 2.195905e+00 8.972601e+02 8.980774e+02 1.371513e+10 1.029085e+00
2.796000e+02 2.189044e+00 8.986718e+02 8.994836e+02 1.379549e+10 1.029204e+00
2.800000e+02 2.182217e+00 9.000832e+02 9.008897e+02 1.387620e+10 1.029322e+00
2.804000e+02 2.175422e+00 9.014943e+02 9.022955e+02 1.395725e+10 1.029439e+00
2.808000e+02 2.168660e+00 9.029052e+02 9.037011e+02 1.403865e+10 1.029555e+00
2.812000e+02 2.161931e+00 9.043159e+02 9.051065e+02 1.412040e+10 1.029671e+00
2.816000e+02 2.155233e+00 9.057263e+02 9.065117e+02 1.420250e+10 1.029786e+00
2.820000e+02 2.148568e+00 9.071365e+02 9.079167e+02 1.428495e+10 1.029900e+00
2.824000e+02 2.141935e+00 9.085464e+02 9.093215e+02 1.436775e+10 1.030013e+00
2.828000e+02 2.135333e+00 9.099561e+02 9.107261e+02 1.445090e+10 1.030126e+00
2.832000e+02 2.128762e+00 9.113655e+02 9.121305e+02 1.453441e+10 1.030237e+00
2.836000e+02 2.122223e+00 9.127748e+02 9.135347e+02 1.461827e+10 1.030348e+00
2.840000e+02 2.115715e+00 9.141837e+02 9.149387e+02 1.470249e+10 1.030458e+00
2.844000e+02 2.109237e+00 9.155925e+02 9.163425e+02 1.478707e+10 1.030567e+00
2.848000e+02 2.102790e+00 9.170010e+02 9.177461e+02 1.487200e+10 1.030676e+00
2.852000e+02 2.096374e+00 9.184093e+02 9.191496e+02 1.495729e+10 1.030784e+00
2.856000e+02 2.089988e+00 9.198173e+02 9.205528e+02 1.504294e+10 1.030891e+00
2.860000e+02 2.083631e+00 9.212251e+02 9.219559e+02 1.512895e+10 1.030997e+00
2.864000e+02 2.077305e+00 9.226327e+02 9.233587e+02 1.521532e+10 1.031103e+00
2.868000e+02 2.071008e+00 9.240401e+02 9.247614e+02 1.530206e+10 1.031207e+00
2.872000e+02 2.064740e+00 9.254472e+02 9.261639e+02 1.538916e+10 1.031312e+00
2.876000e+02 2.058502e+00 9.268542e+02 9.275662e+02 1.547662e+10 1.031415e+00
2.880000e+02 2.052293e+00 9.282609e+02 9.289683e+02 1.556445e+10 1.031518e+00
2.884000e+02 2.046113e+00 9.296673e+02 9.303702e+02 1.565265e+10 1.031620e+00
2.888000e+02 2.039961e+00 9.310736e+02 9.317720e+02 1.574121e+10 1.031721e+00
2.892000e+02 2.033838e+00 9.324796e+02 9.331735e+02 1.583015e+10 1.031821e+00
2.896000e+02 2.027743e+00 9.338854e+02 9.345749e+02 1.591945e+10 1.031921e+00
2.900000e+02 2.021676e+00 9.352910e+02 9.359761e+02 1.600912e+10 1.032021e+00
2.904000e+02 2.015638e+00 9.366964e+02 9.373771e+02 1.609917e+10 1.032119e+00
2.908000e+02 2.009627e+00 9.381016e+02 9.387779e+02 1.618959e+10 1.032217e+00
2.912000e+02 2.003643e+00 9.395066e+02 9.401786e+02 1.628038e+10 1.032314e+00
2.916000e+02 1.997687e+00 9.409113e+02 9.415791e+02 1.637155e+10 1.032411e+00
2.920000e+02 1.991759e+00 9.423159e+02 9.429794e+02 1.646309e+10 1.032506e+00
2.924000e+02 1.985857e+00 9.437202e+02 9.443795e+02 1.655501e+10 1.032602e+00
2.928000e+02 1.979982e+00 9.451243e+02 9.457795e+02 1.664731e+10 1.032696e+00
2.932000e+02 1.974135e+00 9.465283e+02 9.471793e+02 1.673999e+10 1.032790e+00
2.936000e+02 1.968313e+00 9.479320e+02 9.485789e+02 1.683305e+10 1.032883e+00
2.940000e+02 1.962518e+00 9.493355e+02 9.499783e+02 1.692649e+10 1.032976e+00
2.944000e+02 1.956750e+00 9.507388e+02 9.513776e+02 1.702031e+10 1.033068e+00
2.948000e+02 1.951007e+00 9.521419e+02 9.527767e+02 1.711451e+10 1.033159e+00
2.952000e+02 1.945291e+00 9.535448e+02 9.541756e+02 1.720910e+10 1.033250e+00
2.956000e+02 1.939600e+00 9.549475e+02 9.555744e+02 1.730407e+10 1.033340e+00
2.960000e+02 1.933935e+00 9.563500e+02 9.569730e+02 1.739943e+10 1.033430e+00
2.964000e+02 1.928295e+00 9.577524e+02 9.583714e+02 1.749518e+10 1.033519e+00
2.968000e+02 1.922680e+00 9.591545e+02 9.597696e+02 1.759132e+10 1.033607e+00
2.972000e+02 1.917091e+00 9.605564e+02 9.611677e+02 1.768784e+10 1.033695e+00
2.976000e+02 1.911527e+00 9.619581e+02 9.625656e+02 1.778476e+10 1.033782e+00
2.980000e+02 1.905987e+00 9.633597e+02 9.639634e+02 1.788207e+10 1.033869e+00
2.984000e+02 1.900473e+00 9.647610e+02 9.653610e+02 1.797977e+10 1.033955e+00
2.988000e+02 1.894982e+00 9.661622e+02 9.667584e+02 1.807786e+10 1.034040e+00
2.992000e+02 1.889516e+00 9.675631e+02 9.681557e+02 1.817635e+10 1.034125e+00
2.996000e+02 1.884075e+00 9.689639e+02 9.695528e+02 1.827524e+10 1.034210e+00
3.000000e+02 1.878657e+00 9.703645e+02 9.709498e+02 1.837452e+10 1.034293e+00
3.004000e+02 1.873264e+00 9.717649e+02 9.723466e+02 1.847420e+10 1.034377e+00
3.008000e+02 1.867894e+00 9.731651e+02 9.737432e+02 1.857428e+10 1.034459e+00
3.012000e+02 1.862548e+00 9.745651e+02 9.751397e+02 1.867476e+10 1.034541e+00
3.016000e+02 1.857225e+00 9.759650e+02 9.765360e+02 1.877564e+10 1.034623e+00
3.020000e+02 1.851926e+00 9.773646e+02 9.779322e+02 1.887692e+10 1.034704e+00
3.024000e+02 1.846650e+00 9.787641e+02 9.793282e+02 1.897861e+10 1.034785e+00
3.028000e+02 1.841397e+00 9.801634e+02 9.807241e+02 1.908070e+10 1.034865e+00
3.032000e+02 1.836167e+00 9.815625e+02 9.821198e+02 1.918319e+10 1.034944e+00
3.036000e+02 1.830960e+00 9.829615e+02 9.835153e+02 1.928610e+10 1.035023e+00
3.040000e+02 1.825776e+00 9.843602e+02 9.849107e+02 1.938940e+10 1.035101e+00
3.044000e+02 1.820614e+00 9.857588e+02 9.863060e+02 1.949312e+10 1.035179e+00
3.048000e+02 1.815474e+00 9.871572e+02 9.877010e+02 1.959725e+10 1.035257e+00
3.052000e+02 1.810357e+00 9.885555e+02 9.890960e+02 1.970179e+10 1.035334e+00
3.056000e+02 1.805262e+00 9.899536e+02 9.904908e+02 1.980674e+10 1.035410e+00
3.060000e+02 1.800189e+00 9.913514e+02 9.918854e+02 1.991210e+10 1.035486e+00
3.064000e+02 1.795138e+00 9.927492e+02 9.932799e+02 2.001788e+10 1.035561e+00
3.068000e+02 1.790108e+00 9.941467e+02 9.946743e+02 2.012407e+10 1.035636e+00
3.072000e+02 1.785101e+00 9.955441e+02 9.960685e+02 2.023068e+10 1.035711e+00
3.076000e+02 1.780115e+00 9.969413e+02 9.974625e+02 2.033771e+10 1.035785e+00
3.080000e+02 1.775150e+00 9.983383e+02 9.988564e+02 2.044515e+10 1.035858e+00
3.084000e+02 1.770206e+00 9.997352e+02 1.000250e+03 2.055302e+10 1.035931e+00
3.088000e+02 1.765284e+00 1.001132e+03 1.001644e+03 2.066130e+10 1.036004e+00
3.092000e+02 1.760382e+00 1.002528e+03 1.003037e+03 2.077001e+10 1.036076e+00
3.096000e+02 1.755502e+00 1.003925e+03 1.004431e+03 2.087914e+10 1.036147e+00
3.100000e+02 1.750642e+00 1.005321e+03 1.005824e+03 2.098869e+10 1.036219e+00
3.104000e+02 1.745803e+00 1.006717e+03 1.007217e+03 2.109867e+10 1.036289e+00
3.108000e+02 1.740984e+00 1.008113e+03 1.008610e+03 2.120907e+10 1.036359e+00
3.112000e+02 1.736186e+00 1.009509e+03 1.010003e+03 2.131990e+10 1.036429e+00
3.116000e+02 1.731408e+00 1.010904e+03 1.011395e+03 2.143116e+10 1.036499e+00
3.120000e+02 1.726650e+00 1.012300e+03 1.012788e+03 2.154285e+10 1.036567e+00
3.124000e+02 1.721912e+00 1.013695e+03 1.014180e+03 2.165497e+10 1.036636e+00
3.128000e+02 1.717194e+00 1.015090e+03 1.015572e+03 2.176752e+10 1.036704e+00
3.132000e+02 1.712496e+00 1.016485e+03 1.016964e+03 2.188050e+10 1.036772e+00
3.136000e+02 1.707818e+00 1.017880e+03 1.018356e+03 2.199392e+10 1.036839e+00
3.140000e+02 1.703160e+00 1.019274e+03 1.019748e+03 2.210777e+10 1.036905e+00
3.144000e+02 1.698520e+00 1.020669e+03 1.021140e+03 2.222206e+10 1.036972e+00
3.148000e+02 1.693901e+00 1.022063e+03 1.022531e+03 2.233679e+10 1.037038e+00
3.152000e+02 1.689300e+00 1.023457e+03 1.023923e+03 2.245195e+10 1.037103e+00
3.156000e+02 1.684719e+00 1.024851e+03 1.025314e+03 2.256755e+10 1.037168e+00
3.160000e+02 1.680156e+00 1.026245e+03 1.026705e+03 2.268359e+10 1.037233e+00
3.164000e+02 1.675613e+00 1.027639e+03 1.028096e+03 2.280008e+10 1.037297e+00
3.168000e+02 1.671088e+00 1.029032e+03 1.029487e+03 2.291701e+10 1.037361e+00
3.172000e+02 1.666583e+00 1.030426e+03 1.030878e+03 2.303438e+10 1.037425e+00
3.176000e+02 1.662095e+00 1.031819e+03 1.032268e+03 2.315219e+10 1.037488e+00
3.180000e+02 1.657627e+00 1.033212e+03 1.033659e+03 2.327045e+10 1.037550e+00
3.184000e+02 1.653176e+00 1.034605e+03 1.035049e+03 2.338916e+10 1.037612e+00
3.188000e+02 1.648744e+00 1.035998e+03 1.036439e+03 2.350832e+10 1.037674e+00
3.192000e+02 1.644331e+00 1.037390e+03 1.037829e+03 2.362793e+10 1.037736e+00
3.196000e+02 1.639935e+00 1.038783e+03 1.039219e+03 2.374798e+10 1.037797e+00
3.200000e+02 1.635557e+00 1.040175e+03 1.040609e+03 2.386849e+10 1.037858e+00
3.204000e+02 1.631198e+00 1.041567e+03 1.041999e+03 2.398945e+10 1.037918e+00
3.208000e+02 1.626856e+00 1.042959e+03 1.043389e+03 2.411087e+10 1.037978e+00
3.212000e+02 1.622531e+00 1.044351e+03 1.044778e+03 2.423274e+10 1.038038e+00
3.216000e+02 1.618225e+00 1.045743e+03 1.046167e+03 2.435506e+10 1.038097e+00
3.220000e+02 1.613936e+00 1.047135e+03 1.047557e+03 2.447785e+10 1.038156e+00
3.224000e+02 1.609664e+00 1.048526e+03 1.048946e+03 2.460109e+10 1.038214e+00
3.228000e+02 1.605409e+00 1.049918e+03 1.050335e+03 2.472479e+10 1.038272e+00
3.232000e+02 1.601172e+00 1.051309e+03 1.051723e+03 2.484896e+10 1.038330e+00
3.236000e+02 1.596952e+00 1.052700e+03 1.053112e+03 2.497358e+10 1.038388e+00
3.240000e+02 1.592749e+00 1.054091e+03 1.054501e+03 2.509867e+10 1.038445e+00
3.244000e+02 1.588563e+00 1.055482e+03 1.055889e+03 2.522422e+10 1.038501e+00
3.248000e+02 1.584394e+00 1.056872e+03 1.057278e+03 2.535024e+10 1.038558e+00
3.252000e+02 1.580241e+00 1.058263e+03 1.058666e+03 2.547672e+10 1.038614e+00
3.256000e+02 1.576105e+00 1.059653e+03 1.060054e+03 2.560367e+10 1.038670e+00
3.260000e+02 1.571986e+00 1.061043e+03 1.061442e+03 2.573109e+10 1.038725e+00
3.264000e+02 1.567883e+00 1.062434e+03 1.062830e+03 2.585898e+10 1.038780e+00
3.268000e+02 1.563797e+00 1.063824e+03 1.064218e+03 2.598734e+10 1.038835e+00
3.272000e+02 1.559727e+00 1.065213e+03 1.065605e+03 2.611618e+10 1.038889e+00
3.276000e+02 1.555673e+00 1.066603e+03 1.066993e+03 2.624548e+10 1.038943e+00
3.280000e+02 1.551635e+00 1.067993e+03 1.068380e+03 2.637526e+10 1.038997e+00
3.284000e+02 1.547613e+00 1.069382e+03 1.069767e+03 2.650552e+10 1.039050e+00
3.288000e+02 1.543607e+00 1.070772e+03 1.071155e+03 2.663625e+10 1.039103e+00
3.292000e+02 1.539618e+00 1.072161e+03 1.072542e+03 2.676747e+10 1.039156e+00
3.296000e+02 1.535643e+00 1.073550e+03 1.073929e+03 2.689916e+10 1.039208e+00
3.300000e+02 1.531685e+00 1.074939e+03 1.075315e+03 2.703133e+10 1.039260e+00
3.304000e+02 1.527742e+00 1.076328e+03 1.076702e+03 2.716398e+10 1.039312e+00
3.308000e+02 1.523815e+00 1.077716e+03 1.078089e+03 2.729712e+10 1.039364e+00
3.312000e+02 1.519903e+00 1.079105e+03 1.079475e+03 2.743074e+10 1.039415e+00
3.316000e+02 1.516006e+00 1.080493e+03 1.080862e+03 2.756484e+10 1.039466e+00
3.320000e+02 1.512125e+00 1.081882e+03 1.082248e+03 2.769943e+10 1.039516e+00
3.324000e+02 1.508259e+00 1.083270e+03 1.083634e+03 2.783451e+10 1.039566e+00
3.328000e+02 1.504408e+00 1.084658e+03 1.085020e+03 2.797007e+10 1.039616e+00
3.332000e+02 1.500572e+00 1.086046e+03 1.086406e+03 2.810613e+10 1.039666e+00
3.336000e+02 1.496751e+00 1.087434e+03 1.087792e+03 2.824268e+10 1.039715e+00
3.340000e+02 1.492945e+00 1.088821e+03 1.089177e+03 2.837972e+10 1.039764e+00
3.344000e+02 1.489154e+00 1.090209e+03 1.090563e+03 2.851725e+10 1.039813e+00
3.348000e+02 1.485377e+00 1.091596e+03 1.091949e+03 2.865528e+10 1.039862e+00
3.352000e+02 1.481615e+00 1.092984e+03 1.093334e+03 2.879380e+10 1.039910e+00
3.356000e+02 1.477868e+00 1.094371e+03 1.094719e+03 2.893282e+10 1.039958e+00
3.360000e+02 1.474135e+00 1.095758e+03 1.096104e+03 2.907234e+10 1.040005e+00
3.364000e+02 1.470417e+00 1.097145e+03 1.097489e+03 2.921235e+10 1.040053e+00
3.368000e+02 1.466713e+00 1.098532e+03 1.098874e+03 2.935287e+10 1.040100e+00
3.372000e+02 1.463023e+00 1.099918e+03 1.100259e+03 2.949389e+10 1.040147e+00
3.376000e+02 1.459347e+00 1.101305e+03 1.101644e+03 2.963541e+10 1.040193e+00
3.380000e+02 1.455685e+00 1.102691e+03 1.103029e+03 2.977744e+10 1.040239e+00
3.384000e+02 1.452038e+00 1.104078e+03 1.104413e+03 2.991997e+10 1.040285e+00
3.388000e+02 1.448404e+00 1.105464e+03 1.105798e+03 3.006300e+10 1.040331e+00
3.392000e+02 1.444785e+00 1.106850e+03 1.107182e+03 3.020655e+10 1.040376e+00
3.396000e+02 1.441179e+00 1.108236e+03 1.108566e+03 3.035060e+10 1.040422e+00
3.400000e+02 1.437587e+00 1.109622e+03 1.109950e+03 3.049516e+10 1.040466e+00
3.404000e+02 1.434008e+00 1.111008e+03 1.111334e+03 3.064024e+10 1.040511e+00
3.408000e+02 1.430444e+00 1.112394e+03 1.112718e+03 3.078582e+10 1.040555e+00
3.412000e+02 1.426892e+00 1.113779e+03 1.114102e+03 3.093192e+10 1.040599e+00
3.416000e+02 1.423355e+00 1.115165e+03 1.115486e+03 3.107854e+10 1.040643e+00
3.420000e+02 1.419830e+00 1.116550e+03 1.116869e+03 3.122567e+10 1.040687e+00
3.424000e+02 1.416319e+00 1.117935e+03 1.118253e+03 3.137332e+10 1.040730e+00
3.428000e+02 1.412821e+00 1.119320e+03 1.119636e+03 3.152148e+10 1.040773e+00
3.432000e+02 1.409337e+00 1.120705e+03 1.121020e+03 3.167017e+10 1.040816e+00
3.436000e+02 1.405865e+00 1.122090e+03 1.122403e+03 3.181938e+10 1.040859e+00
3.440000e+02 1.402407e+00 1.123475e+03 1.123786e+03 3.196911e+10 1.040901e+00
3.444000e+02 1.398961e+00 1.124860e+03 1.125169e+03 3.211936e+10 1.040943e+00
3.448000e+02 1.395529e+00 1.126244e+03 1.126552e+03 3.227013e+10 1.040985e+00
3.452000e+02 1.392109e+00 1.127629e+03 1.127935e+03 3.242144e+10 1.041027e+00
3.456000e+02 1.388702e+00 1.129013e+03 1.129317e+03 3.257327e+10 1.041068e+00
3.460000e+02 1.385308e+00 1.130397e+03 1.130700e+03 3.272562e+10 1.041109e+00
3.464000e+02 1.381927e+00 1.131781e+03 1.132082e+03 3.287851e+10 1.041150e+00
3.468000e+02 1.378558e+00 1.133165e+03 1.133465e+03 3.303193e+10 1.041191e+00
3.472000e+02 1.375201e+00 1.134549e+03 1.134847e+03 3.318587e+10 1.041231e+00
3.476000e+02 1.371858e+00 1.135933e+03 1.136229e+03 3.334036e+10 1.041271e+00
3.480000e+02 1.368526e+00 1.137317e+03 1.137612e+03 3.349537e+10 1.041311e+00
3.484000e+02 1.365207e+00 1.138700e+03 1.138994e+03 3.365092e+10 1.041351e+00
3.488000e+02 1.361900e+00 1.140084e+03 1.140376e+03 3.380701e+10 1.041391e+00
3.492000e+02 1.358606e+00 1.141467e+03 1.141757e+03 3.396364e+10 1.041430e+00
3.496000e+02 1.355323e+00 1.142851e+03 1.143139e+03 3.412081e+10 1.041469e+00
3.500000e+02 1.352053e+00 1.144234e+03 1.144521e+03 3.427851e+10 1.041508e+00
3.504000e+02 1.348795e+00 1.145617e+03 1.145902e+03 3.443676e+10 1.041546e+00
3.508000e+02 1.345548e+00 1.147000e+03 1.147284e+03 3.459555e+10 1.041585e+00
3.512000e+02 1.342314e+00 1.148383e+03 1.148665e+03 3.475488e+10 1.041623e+00
3.516000e+02 1.339091e+00 1.149766e+03 1.150047e+03 3.491476e+10 1.041661e+00
3.520000e+02 1.335881e+00 1.151148e+03 1.151428e+03 3.507519e+10 1.041699e+00
3.524000e+02 1.332682e+00 1.152531e+03 1.152809e+03 3.523616e+10 1.041736e+00
3.528000e+02 1.329494e+00 1.153913e+03 1.154190e+03 3.539769e+10 1.041774e+00
3.532000e+02 1.326319e+00 1.155296e+03 1.155571e+03 3.555976e+10 1.041811e+00
3.536000e+02 1.323155e+00 1.156678e+03 1.156952e+03 3.572239e+10 1.041848e+00
3.540000e+02 1.320002e+00 1.158060e+03 1.158333e+03 3.588557e+10 1.041884e+00
3.544000e+02 1.316861e+00 1.159442e+03 1.159713e+03 3.604930e+10 1.041921e+00
3.548000e+02 1.313731e+00 1.160824e+03 1.161094e+03 3.621359e+10 1.041957e+00
3.552000e+02 1.310613e+00 1.162206e+03 1.162474e+03 3.637843e+10 1.041993e+00
3.556000e+02 1.307506e+00 1.163588e+03 1.163855e+03 3.654383e+10 1.042029e+00
3.560000e+02 1.304410e+00 1.164970e+03 1.165235e+03 3.670980e+10 1.042065e+00
3.564000e+02 1.301325e+00 1.166351e+03 1.166615e+03 3.687632e+10 1.042100e+00
3.568000e+02 1.298252e+00 1.167733e+03 1.167995e+03 3.704340e+10 1.042136e+00
3.572000e+02 1.295189e+00 1.169114e+03 1.169375e+03 3.721105e+10 1.042171e+00
3.576000e+02 1.292138e+00 1.170495e+03 1.170755e+03 3.737926e+10 1.042206e+00
3.580000e+02 1.289097e+00 1.171877e+03 1.172135e+03 3.754803e+10 1.042240e+00
3.584000e+02 1.286068e+00 1.173258e+03 1.173515e+03 3.771738e+10 1.042275e+00
3.588000e+02 1.283049e+00 1.174639e+03 1.174895e+03 3.788729e+10 1.042309e+00
3.592000e+02 1.280041e+00 1.176020e+03 1.176274e+03 3.805777e+10 1.042343e+00
3.596000e+02 1.277044e+00 1.177400e+03 1.177654e+03 3.822882e+10 1.042377e+00
3.600000e+02 1.274057e+00 1.178781e+03 1.179033e+03 3.840044e+10 1.042411e+00
3.604000e+02 1.271082e+00 1.180162e+03 1.180413e+03 3.857263e+10 1.042445e+00
3.608000e+02 1.268116e+00 1.181542e+03 1.181792e+03 3.874540e+10 1.042478e+00
3.612000e+02 1.265162e+00 1.182923e+03 1.183171e+03 3.891875e+10 1.042511e+00
3.616000e+02 1.262217e+00 1.184303e+03 1.184550e+03 3.909267e+10 1.042544e+00
3.620000e+02 1.259284e+00 1.185684e+03 1.185929e+03 3.926717e+10 1.042577e+00
3.624000e+02 1.256360e+00 1.187064e+03 1.187308e+03 3.944225e+10 1.042610e+00
3.628000e+02 1.253447e+00 1.188444e+03 1.188687e+03 3.961791e+10 1.042642e+00
3.632000e+02 1.250544e+00 1.189824e+03 1.190066e+03 3.979415e+10 1.042674e+00
3.636000e+02 1.247652e+00 1.191204e+03 1.191445e+03 3.997098e+10 1.042706e+00
3.640000e+02 1.244770e+00 1.192584e+03 1.192823e+03 4.014839e+10 1.042738e+00
3.644000e+02 1.241898e+00 1.193963e+03 1.194202e+03 4.032639e+10 1.042770e+00
3.648000e+02 1.239035e+00 1.195343e+03 1.195580e+03 4.050497e+10 1.042802e+00
3.652000e+02 1.236183e+00 1.196723e+03 1.196959e+03 4.068414e+10 1.042833e+00
3.656000e+02 1.233341e+00 1.198102e+03 1.198337e+03 4.086390e+10 1.042864e+00
3.660000e+02 1.230509e+00 1.199481e+03 1.199715e+03 4.104425e+10 1.042896e+00
3.664000e+02 1.227687e+00 1.200861e+03 1.201093e+03 4.122520e+10 1.042926e+00
3.668000e+02 1.224875e+00 1.202240e+03 1.202471e+03 4.140674e+10 1.042957e+00
3.672000e+02 1.222073e+00 1.203619e+03 1.203849e+03 4.158887e+10 1.042988e+00
3.676000e+02 1.219280e+00 1.204998e+03 1.205227e+03 4.177160e+10 1.043018e+00
3.680000e+02 1.216497e+00 1.206377e+03 1.206605e+03 4.195493e+10 1.043048e+00
3.684000e+02 1.213724e+00 1.207756e+03 1.207983e+03 4.213885e+10 1.043078e+00
3.688000e+02 1.210960e+00 1.209135e+03 1.209360e+03 4.232338e+10 1.043108e+00
3.692000e+02 1.208206e+00 1.210513e+03 1.210738e+03 4.250850e+10 1.043138e+00
3.696000e+02 1.205461e+00 1.211892e+03 1.212115e+03 4.269423e+10 1.043168e+00
3.700000e+02 1.202726e+00 1.213271e+03 1.213493e+03 4.288057e+10 1.043197e+00
3.704000e+02 1.200001e+00 1.214649e+03 1.214870e+03 4.306751e+10 1.043226e+00
3.708000e+02 1.197284e+00 1.216027e+03 1.216247e+03 4.325505e+10 1.043256e+00
3.712000e+02 1.194578e+00 1.217406e+03 1.217625e+03 4.344321e+10 1.043285e+00
3.716000e+02 1.191880e+00 1.218784e+03 1.219002e+03 4.363197e+10 1.043313e+00
3.720000e+02 1.189192e+00 1.220162e+03 1.220379e+03 4.382134e+10 1.043342e+00
3.724000e+02 1.186513e+00 1.221540e+03 1.221756e+03 4.401133e+10 1.043371e+00
3.728000e+02 1.183843e+00 1.222918e+03 1.223133e+03 4.420193e+10 1.043399e+00
3.732000e+02 1.181182e+00 1.224296e+03 1.224509e+03 4.439314e+10 1.043427e+00
3.736000e+02 1.178531e+00 1.225674e+03 1.225886e+03 4.458497e+10 1.043455e+00
3.740000e+02 1.175888e+00 1.227051e+03 1.227263e+03 4.477742e+10 1.043483e+00
3.744000e+02 1.173255e+00 1.228429e+03 1.228639e+03 4.497048e+10 1.043511e+00
3.748000e+02 1.170630e+00 1.229806e+03 1.230016e+03 4.516416e+10 1.043538e+00
3.752000e+02 1.168015e+00 1.231184e+03 1.231392e+03 4.535847e+10 1.043566e+00
3.756000e+02 1.165408e+00 1.232561e+03 1.232769e+03 4.555340e+10 1.043593e+00
3.760000e+02 1.162810e+00 1.233939e+03 1.234145e+03 4.574895e+10 1.043620e+00
3.764000e+02 1.160221e+00 1.235316e+03 1.235521e+03 4.594513e+10 1.043647e+00
3.768000e+02 1.157641e+00 1.236693e+03 1.236897e+03 4.614193e+10 1.043674e+00
3.772000e+02 1.155069e+00 1.238070e+03 1.238273e+03 4.633936e+10 1.043701e+00
3.776000e+02 1.152507e+00 1.239447e+03 1.239649e+03 4.653742e+10 1.043728e+00
3.780000e+02 1.149952e+00 1.240824e+03 1.241025e+03 4.673611e+10 1.043754e+00
3.784000e+02 1.147407e+00 1.242201e+03 1.242401e+03 4.693544e+10 1.043780e+00
3.788000e+02 1.144870e+00 1.243578e+03 1.243777e+03 4.713539e+10 1.043807e+00
3.792000e+02 1.142341e+00 1.244954e+03 1.245153e+03 4.733598e+10 1.043833e+00
3.796000e+02 1.139822e+00 1.246331e+03 1.246528e+03 4.753721e+10 1.043858e+00
3.800000e+02 1.137310e+00 1.247707e+03 1.247904e+03 4.773907e+10 1.043884e+00
3.804000e+02 1.134807e+00 1.249084e+03 1.249279e+03 4.794157e+10 1.043910e+00
3.808000e+02 1.132312e+00 1.250460e+03 1.250655e+03 4.814471e+10 1.043935e+00
3.812000e+02 1.129826e+00 1.251836e+03 1.252030e+03 4.834850e+10 1.043961e+00
3.816000e+02 1.127348e+00 1.253213e+03 1.253405e+03 4.855292e+10 1.043986e+00
3.820000e+02 1.124878e+00 1.254589e+03 1.254781e+03 4.875799e+10 1.044011e+00
3.824000e+02 1.122417e+00 1.255965e+03 1.256156e+03 4.896370e+10 1.044036e+00
3.828000e+02 1.119963e+00 1.257341e+03 1.257531e+03 4.917006e+10 1.044061e+00
3.832000e+02 1.117518e+00 1.258717e+03 1.258906e+03 4.937707e+10 1.044086e+00
3.836000e+02 1.115081e+00 1.260093e+03 1.260281e+03 4.958473e+10 1.044110e+00
3.840000e+02 1.112652e+00 1.261468e+03 1.261656e+03 4.979304e+10 1.044135e+00
3.844000e+02 1.110231e+00 1.262844e+03 1.263030e+03 5.000200e+10 1.044159e+00
3.848000e+02 1.107818e+00 1.264220e+03 1.264405e+03 5.021161e+10 1.044183e+00
3.852000e+02 1.105413e+00 1.265595e+03 1.265780e+03 5.042188e+10 1.044207e+00
3.856000e+02 1.103016e+00 1.266971e+03 1.267154e+03 5.063281e+10 1.044231e+00
3.860000e+02 1.100627e+00 1.268346e+03 1.268529e+03 5.084439e+10 1.044255e+00
3.864000e+02 1.098246e+00 1.269722e+03 1.269903e+03 5.105663e+10 1.044279e+00
3.868000e+02 1.095873e+00 1.271097e+03 1.271278e+03 5.126953e+10 1.044302e+00
3.872000e+02 1.093507e+00 1.272472e+03 1.272652e+03 5.148309e+10 1.044326e+00
3.876000e+02 1.091149e+00 1.273847e+03 1.274026e+03 5.169732e+10 1.044349e+00
3.880000e+02 1.088799e+00 1.275222e+03 1.275401e+03 5.191221e+10 1.044372e+00
3.884000e+02 1.086457e+00 1.276597e+03 1.276775e+03 5.212776e+10 1.044395e+00
3.888000e+02 1.084122e+00 1.277972e+03 1.278149e+03 5.234399e+10 1.044418e+00
3.892000e+02 1.081795e+00 1.279347e+03 1.279523e+03 5.256088e+10 1.044441e+00
3.896000e+02 1.079476e+00 1.280722e+03 1.280897e+03 5.277844e+10 1.044464e+00
3.900000e+02 1.077164e+00 1.282096e+03 1.282271e+03 5.299667e+10 1.044487e+00
3.904000e+02 1.074859e+00 1.283471e+03 1.283644e+03 5.321557e+10 1.044509e+00
3.908000e+02 1.072562e+00 1.284846e+03 1.285018e+03 5.343515e+10 1.044532e+00
3.912000e+02 1.070273e+00 1.286220e+03 1.286392e+03 5.365541e+10 1.044554e+00
3.916000e+02 1.067991e+00 1.287594e+03 1.287766e+03 5.387634e+10 1.044576e+00
3.920000e+02 1.065716e+00 1.288969e+03 1.289139e+03 5.409794e+10 1.044598e+00
3.924000e+02 1.063449e+00 1.290343e+03 1.290513e+03 5.432023e+10 1.044620e+00
3.928000e+02 1.061189e+00 1.291717e+03 1.291886e+03 5.454320e+10 1.044642e+00
3.932000e+02 1.058936e+00 1.293091e+03 1.293259e+03 5.476685e+10 1.044664e+00
3.936000e+02 1.056691e+00 1.294465e+03 1.294633e+03 5.499119e+10 1.044685e+00
3.940000e+02 1.054453e+00 1.295839e+03 1.296006e+03 5.521621e+10 1.044707e+00
3.944000e+02 1.052222e+00 1.297213e+03 1.297379e+03 5.544191e+10 1.044728e+00
3.948000e+02 1.049998e+00 1.298587e+03 1.298752e+03 5.566830e+10 1.044750e+00
3.952000e+02 1.047782e+00 1.299961e+03 1.300125e+03 5.589539e+10 1.044771e+00
3.956000e+02 1.045572e+00 1.301335e+03 1.301498e+03 5.612316e+10 1.044792e+00
3.960000e+02 1.043370e+00 1.302709e+03 1.302871e+03 5.635163e+10 1.044813e+00
3.964000e+02 1.041174e+00 1.304082e+03 1.304244e+03 5.658078e+10 1.044834e+00
3.968000e+02 1.038986e+00 1.305456e+03 1.305617e+03 5.681064e+10 1.044854e+00
3.972000e+02 1.036805e+00 1.306829e+03 1.306989e+03 5.704119e+10 1.044875e+00
3.976000e+02 1.034630e+00 1.308203e+03 1.308362e+03 5.727244e+10 1.044896e+00
3.980000e+02 1.032463e+00 1.309576e+03 1.309735e+03 5.750438e+10 1.044916e+00
3.984000e+02 1.030302e+00 1.310949e+03 1.311107e+03 5.773703e+10 1.044936e+00
3.988000e+02 1.028149e+00 1.312322e+03 1.312480e+03 5.797038e+10 1.044957e+00
3.992000e+02 1.026002e+00 1.313696e+03 1.313852e+03 5.820443e+10 1.044977e+00
3.996000e+02 1.023862e+00 1.315069e+03 1.315225e+03 5.843918e+10 1.044997e+00
4.000000e+02 1.021728e+00 1.316442e+03 1.316597e+03 5.867465e+10 1.045017e+00
