0.000000e+00 1.374000e+02
2.000000e+00 1.372626e+02 1.235363e+02
4.000000e+00 1.372489e+02 1.235240e+02
6.000000e+00 1.372351e+02 1.235116e+02
8.000000e+00 1.372008e+02 1.234808e+02
1.000000e+01 1.371665e+02 1.234499e+02
1.200000e+01 1.371117e+02 1.234005e+02
1.400000e+01 1.370568e+02 1.233511e+02
1.600000e+01 1.370020e+02 1.233018e+02
1.800000e+01 1.369267e+02 1.232340e+02
2.000000e+01 1.368513e+02 1.231662e+02
2.200000e+01 1.367555e+02 1.230800e+02
2.400000e+01 1.366598e+02 1.229938e+02
2.600000e+01 1.365642e+02 1.229077e+02
2.800000e+01 1.364481e+02 1.228033e+02
3.000000e+01 1.363321e+02 1.226989e+02
3.200000e+01 1.361958e+02 1.225762e+02
3.400000e+01 1.360596e+02 1.224536e+02
3.600000e+01 1.359031e+02 1.223128e+02
3.800000e+01 1.357468e+02 1.221721e+02
4.000000e+01 1.355907e+02 1.220316e+02
4.200000e+01 1.354144e+02 1.218730e+02
4.400000e+01 1.352384e+02 1.217146e+02
4.600000e+01 1.350423e+02 1.215381e+02
4.800000e+01 1.348465e+02 1.213618e+02
5.000000e+01 1.346510e+02 1.211859e+02
5.200000e+01 1.344355e+02 1.209920e+02
5.400000e+01 1.342003e+02 1.207802e+02
5.600000e+01 1.339654e+02 1.205689e+02
5.800000e+01 1.337310e+02 1.203579e+02
6.000000e+01 1.334769e+02 1.201292e+02
6.200000e+01 1.332233e+02 1.199009e+02
6.400000e+01 1.329502e+02 1.196552e+02
6.600000e+01 1.326776e+02 1.194099e+02
6.800000e+01 1.323857e+02 1.191472e+02
7.000000e+01 1.320945e+02 1.188850e+02
7.200000e+01 1.318039e+02 1.186235e+02
7.400000e+01 1.314744e+02 1.183269e+02
7.600000e+01 1.311654e+02 1.180489e+02
7.800000e+01 1.308375e+02 1.177537e+02
8.000000e+01 1.304908e+02 1.174417e+02
8.200000e+01 1.301450e+02 1.171305e+02
8.400000e+01 1.297806e+02 1.168025e+02
8.600000e+01 1.294172e+02 1.164755e+02
8.800000e+01 1.290354e+02 1.161319e+02
9.000000e+01 1.286547e+02 1.157893e+02
9.200000e+01 1.282559e+02 1.154303e+02
9.400000e+01 1.278583e+02 1.150725e+02
9.600000e+01 1.274428e+02 1.146985e+02
9.800000e+01 1.270095e+02 1.143085e+02
1.000000e+02 1.265776e+02 1.139199e+02
1.020000e+02 1.261283e+02 1.135155e+02
1.040000e+02 1.256805e+02 1.131125e+02
1.060000e+02 1.252155e+02 1.126940e+02
1.080000e+02 1.247522e+02 1.122770e+02
1.100000e+02 1.242532e+02 1.118279e+02
1.120000e+02 1.237748e+02 1.113973e+02
1.140000e+02 1.232612e+02 1.109350e+02
1.160000e+02 1.227496e+02 1.104747e+02
1.180000e+02 1.222218e+02 1.099996e+02
1.200000e+02 1.216963e+02 1.095266e+02
1.220000e+02 1.211547e+02 1.090392e+02
1.240000e+02 1.205974e+02 1.085377e+02
1.260000e+02 1.200246e+02 1.080221e+02
1.280000e+02 1.194544e+02 1.075090e+02
1.300000e+02 1.188691e+02 1.069822e+02
1.320000e+02 1.182688e+02 1.064419e+02
1.340000e+02 1.176538e+02 1.058884e+02
1.360000e+02 1.170420e+02 1.053378e+02
1.380000e+02 1.164159e+02 1.047743e+02
1.400000e+02 1.157756e+02 1.041980e+02
1.420000e+02 1.151214e+02 1.036093e+02
1.440000e+02 1.144537e+02 1.030084e+02
1.460000e+02 1.137899e+02 1.024109e+02
1.480000e+02 1.130958e+02 1.017862e+02
1.500000e+02 1.124059e+02 1.011653e+02
1.520000e+02 1.116865e+02 1.005178e+02
1.540000e+02 1.109717e+02 9.987453e+01
1.560000e+02 1.102448e+02 9.922036e+01
1.580000e+02 1.094897e+02 9.854070e+01
1.600000e+02 1.087397e+02 9.786569e+01
1.620000e+02 1.079785e+02 9.718063e+01
1.640000e+02 1.071902e+02 9.647121e+01
1.660000e+02 1.064077e+02 9.576697e+01
1.680000e+02 1.055990e+02 9.503914e+01
1.700000e+02 1.047807e+02 9.430259e+01
1.720000e+02 1.039529e+02 9.355760e+01
1.740000e+02 1.031161e+02 9.280446e+01
1.760000e+02 1.022550e+02 9.202954e+01
1.780000e+02 1.013859e+02 9.124729e+01
1.800000e+02 1.005089e+02 9.045800e+01
1.820000e+02 9.960934e+01 8.964841e+01
1.840000e+02 9.870289e+01 8.883261e+01
1.860000e+02 9.778989e+01 8.801090e+01
1.880000e+02 9.685600e+01 8.717040e+01
1.900000e+02 9.591650e+01 8.632485e+01
1.920000e+02 9.495733e+01 8.546160e+01
1.940000e+02 9.397927e+01 8.458134e+01
1.960000e+02 9.299719e+01 8.369747e+01
1.980000e+02 9.198352e+01 8.278517e+01
2.000000e+02 9.098090e+01 8.188281e+01
2.020000e+02 8.994826e+01 8.095344e+01
2.040000e+02 8.890037e+01 8.001033e+01
2.060000e+02 8.783801e+01 7.905421e+01
2.080000e+02 8.677517e+01 7.809765e+01
2.100000e+02 8.568614e+01 7.711753e+01
2.120000e+02 8.458507e+01 7.612657e+01
2.140000e+02 8.346009e+01 7.511408e+01
2.160000e+02 8.232503e+01 7.409253e+01
2.180000e+02 8.118072e+01 7.306264e+01
2.200000e+02 8.001577e+01 7.201420e+01
2.220000e+02 7.883154e+01 7.094839e+01
2.240000e+02 7.762936e+01 6.986642e+01
2.260000e+02 7.642222e+01 6.878000e+01
2.280000e+02 7.518800e+01 6.766920e+01
2.300000e+02 7.392860e+01 6.653574e+01
2.320000e+02 7.266812e+01 6.540131e+01
2.340000e+02 7.137463e+01 6.423717e+01
2.360000e+02 7.007204e+01 6.306484e+01
2.380000e+02 6.874067e+01 6.186661e+01
2.400000e+02 6.739336e+01 6.065402e+01
2.420000e+02 6.603201e+01 5.942881e+01
2.440000e+02 6.463873e+01 5.817486e+01
2.460000e+02 6.322638e+01 5.690374e+01
2.480000e+02 6.178798e+01 5.560918e+01
2.500000e+02 6.032669e+01 5.429402e+01
2.520000e+02 5.883662e+01 5.295296e+01
2.540000e+02 5.732158e+01 5.158942e+01
2.560000e+02 5.576817e+01 5.019135e+01
2.580000e+02 5.418993e+01 4.877093e+01
2.600000e+02 5.257507e+01 4.731756e+01
2.620000e+02 5.092158e+01 4.582942e+01
2.640000e+02 4.923608e+01 4.431247e+01
2.660000e+02 4.749558e+01 4.274602e+01
2.680000e+02 4.571687e+01 4.114518e+01
2.700000e+02 4.387448e+01 3.948703e+01
2.720000e+02 4.198130e+01 3.778317e+01
2.740000e+02 4.001867e+01 3.601680e+01
2.760000e+02 3.797972e+01 3.418175e+01
2.780000e+02 3.585665e+01 3.227099e+01
2.800000e+02 3.363175e+01 3.026857e+01
2.820000e+02 3.129868e+01 2.816881e+01
2.840000e+02 2.878507e+01 2.590656e+01
2.860000e+02 2.610369e+01 2.349332e+01
2.880000e+02 2.318346e+01 2.086511e+01
2.900000e+02 1.993087e+01 1.793778e+01
2.902000e+02 1.957235e+01 1.761512e+01
2.904000e+02 1.920195e+01 1.728176e+01
2.906000e+02 1.883987e+01 1.695588e+01
2.908000e+02 1.848591e+01 1.663732e+01
2.910000e+02 1.810308e+01 1.629278e+01
2.912000e+02 1.772965e+01 1.595669e+01
2.914000e+02 1.733016e+01 1.559714e+01
2.916000e+02 1.694131e+01 1.524718e+01
2.918000e+02 1.652925e+01 1.487632e+01
2.920000e+02 1.611268e+01 1.450141e+01
2.922000e+02 1.569260e+01 1.412334e+01
2.924000e+02 1.527001e+01 1.374300e+01
2.926000e+02 1.481579e+01 1.333421e+01
2.928000e+02 1.436294e+01 1.292665e+01
2.930000e+02 1.389828e+01 1.250845e+01
2.932000e+02 1.342418e+01 1.208176e+01
2.934000e+02 1.291680e+01 1.162512e+01
2.936000e+02 1.240688e+01 1.116619e+01
2.938000e+02 1.187261e+01 1.068535e+01
2.940000e+02 1.131961e+01 1.018765e+01
2.942000e+02 1.073172e+01 9.658550e+00
2.944000e+02 1.011826e+01 9.106432e+00
2.946000e+02 9.469270e+00 8.522343e+00
2.948000e+02 8.780179e+00 7.902161e+00
2.950000e+02 8.035625e+00 7.232062e+00
2.952000e+02 7.225109e+00 6.502598e+00
2.953000e+02 6.782828e+00 6.104545e+00
2.954000e+02 6.313869e+00 5.682482e+00
2.955000e+02 5.807646e+00 5.226882e+00
2.956000e+02 5.256854e+00 4.731169e+00
2.957000e+02 4.642876e+00 4.178588e+00
2.958000e+02 3.941140e+00 3.547026e+00
2.959000e+02 3.083763e+00 2.775386e+00
2.960000e+02 1.868325e+00 1.681492e+00
2.961000e+02 0.000000e+00 0.000000e+00
