0.000000e+00 0.000000e+00
6.250000e-01 -6.580128e-03
1.250000e+00 -1.288015e-02
1.875000e+00 -1.890137e-02
2.500000e+00 -2.464569e-02
3.125000e+00 -3.011553e-02
3.750000e+00 -3.531378e-02
4.375000e+00 -4.024371e-02
5.000000e+00 -4.490897e-02
5.625000e+00 -4.931353e-02
6.250000e+00 -5.346166e-02
6.875000e+00 -5.735793e-02
7.500000e+00 -6.100713e-02
8.125000e+00 -6.441429e-02
8.750000e+00 -6.758467e-02
9.375000e+00 -7.052369e-02
1.000000e+01 -7.323697e-02
1.062500e+01 -7.573030e-02
1.125000e+01 -7.800959e-02
1.187500e+01 -8.008091e-02
1.250000e+01 -8.195043e-02
1.312500e+01 -8.362444e-02
1.375000e+01 -8.510932e-02
1.437500e+01 -8.641154e-02
1.500000e+01 -8.753765e-02
1.562500e+01 -8.849424e-02
1.625000e+01 -8.928798e-02
1.687500e+01 -8.992556e-02
1.750000e+01 -9.041373e-02
1.812500e+01 -9.075924e-02
1.875000e+01 -9.096887e-02
1.937500e+01 -9.104942e-02
2.000000e+01 -9.100765e-02
2.062500e+01 -9.085034e-02
2.125000e+01 -9.058426e-02
2.187500e+01 -9.021614e-02
2.250000e+01 -8.975267e-02
2.312500e+01 -8.920051e-02
2.375000e+01 -8.856627e-02
2.437500e+01 -8.785652e-02
2.500000e+01 -8.707785e-02
2.562500e+01 -8.623638e-02
2.625000e+01 -8.533876e-02
2.687500e+01 -8.439117e-02
2.750000e+01 -8.339977e-02
2.812500e+01 -8.237066e-02
2.875000e+01 -8.130982e-02
2.937500e+01 -8.022312e-02
3.000000e+01 -7.911632e-02
3.062500e+01 -7.799506e-02
3.125000e+01 -7.686485e-02
3.187500e+01 -7.573107e-02
3.250000e+01 -7.459897e-02
3.312500e+01 -7.347365e-02
3.375000e+01 -7.236004e-02
3.437500e+01 -7.126296e-02
3.500000e+01 -7.018703e-02
3.562500e+01 -6.913673e-02
3.625000e+01 -6.811634e-02
3.687500e+01 -6.713000e-02
3.750000e+01 -6.618163e-02
3.812500e+01 -6.527500e-02
3.875000e+01 -6.441367e-02
3.937500e+01 -6.360101e-02
4.000000e+01 -6.284017e-02
4.062500e+01 -6.213413e-02
4.125000e+01 -6.148563e-02
4.187500e+01 -6.089721e-02
4.250000e+01 -6.037118e-02
4.312500e+01 -5.990964e-02
4.375000e+01 -5.951447e-02
4.437500e+01 -5.918728e-02
4.500000e+01 -5.892949e-02
4.562500e+01 -5.874226e-02
4.625000e+01 -5.862651e-02
4.687500e+01 -5.858290e-02
4.750000e+01 -5.861187e-02
4.812500e+01 -5.871359e-02
4.875000e+01 -5.888796e-02
4.937500e+01 -5.913465e-02
5.000000e+01 -5.945305e-02
5.062500e+01 -5.984228e-02
5.125000e+01 -6.030120e-02
5.187500e+01 -6.082841e-02
5.250000e+01 -6.142222e-02
5.312500e+01 -6.208066e-02
5.375000e+01 -6.280151e-02
5.437500e+01 -6.358224e-02
5.500000e+01 -6.442006e-02
5.562500e+01 -6.531189e-02
5.625000e+01 -6.625436e-02
5.687500e+01 -6.724382e-02
5.750000e+01 -6.827633e-02
5.812500e+01 -6.934767e-02
5.875000e+01 -7.045331e-02
5.937500e+01 -7.158845e-02
6.000000e+01 -7.274800e-02
6.062500e+01 -7.392656e-02
6.125000e+01 -7.511844e-02
6.187500e+01 -7.631769e-02
6.250000e+01 -7.751803e-02
6.312500e+01 -7.871291e-02
6.375000e+01 -7.989547e-02
6.437500e+01 -8.105858e-02
6.500000e+01 -8.219482e-02
6.562500e+01 -8.329645e-02
6.625000e+01 -8.435547e-02
6.687500e+01 -8.536358e-02
6.750000e+01 -8.631221e-02
6.812500e+01 -8.719248e-02
6.875000e+01 -8.799524e-02
6.937500e+01 -8.871106e-02
7.000000e+01 -8.933023e-02
7.062500e+01 -8.984274e-02
7.125000e+01 -9.023835e-02
7.187500e+01 -9.050649e-02
7.250000e+01 -9.063636e-02
7.312500e+01 -9.061687e-02
7.375000e+01 -9.043667e-02
7.437500e+01 -9.008415e-02
7.500000e+01 -8.954743e-02
7.562500e+01 -8.881436e-02
7.625000e+01 -8.787256e-02
7.687500e+01 -8.670939e-02
7.750000e+01 -8.531193e-02
7.812500e+01 -8.366707e-02
7.875000e+01 -8.176140e-02
7.937500e+01 -7.958129e-02
8.000000e+01 -7.711290e-02
8.062500e+01 -7.434211e-02
8.125000e+01 -7.125459e-02
8.187500e+01 -6.783581e-02
8.250000e+01 -6.407096e-02
8.312500e+01 -5.994506e-02
8.375000e+01 -5.544289e-02
8.437500e+01 -5.054902e-02
8.500000e+01 -4.524782e-02
8.562500e+01 -3.952344e-02
8.625000e+01 -3.335983e-02
8.687500e+01 -2.674075e-02
8.750000e+01 -1.964976e-02
8.812500e+01 -1.207023e-02
8.875000e+01 -3.985339e-03
8.937500e+01 4.621915e-03
9.000000e+01 1.376872e-02
9.062500e+01 2.347243e-02
9.125000e+01 3.375060e-02
9.187500e+01 4.462092e-02
9.250000e+01 5.610128e-02
9.312500e+01 6.820971e-02
9.375000e+01 8.096442e-02
9.437500e+01 9.438377e-02
9.500000e+01 1.084863e-01
9.562500e+01 1.232906e-01
9.625000e+01 1.388156e-01
9.687500e+01 1.550801e-01
9.750000e+01 1.721034e-01
9.812500e+01 1.899046e-01
9.875000e+01 2.085032e-01
9.937500e+01 2.279186e-01
1.000000e+02 2.481705e-01
1.006250e+02 2.692788e-01
1.012500e+02 2.912632e-01
1.018750e+02 3.141439e-01
1.025000e+02 3.379410e-01
1.031250e+02 3.626747e-01
1.037500e+02 3.883656e-01
1.043750e+02 4.150340e-01
1.050000e+02 4.427007e-01
1.056250e+02 4.713864e-01
1.062500e+02 5.011119e-01
1.068750e+02 5.318982e-01
1.075000e+02 5.637663e-01
1.081250e+02 5.967375e-01
1.087500e+02 6.308331e-01
1.093750e+02 6.660744e-01
1.100000e+02 7.024829e-01
1.106250e+02 7.400802e-01
1.112500e+02 7.788880e-01
1.118750e+02 8.189280e-01
1.125000e+02 8.602222e-01
1.131250e+02 9.027926e-01
1.137500e+02 9.466612e-01
1.143750e+02 9.918501e-01
1.150000e+02 1.038382e+00
1.156250e+02 1.086278e+00
1.162500e+02 1.135562e+00
1.168750e+02 1.186256e+00
1.175000e+02 1.238383e+00
1.181250e+02 1.291965e+00
1.187500e+02 1.347025e+00
1.193750e+02 1.403586e+00
1.200000e+02 1.461671e+00
1.206250e+02 1.521303e+00
1.212500e+02 1.582505e+00
1.218750e+02 1.645300e+00
1.225000e+02 1.709713e+00
1.231250e+02 1.775765e+00
1.237500e+02 1.843481e+00
1.243750e+02 1.912884e+00
