0.000000e+00
0.000000e+00 9.300000e+01
2.500000e-01 9.300000e+01
5.000000e-01 9.300000e+01
7.500000e-01 9.300000e+01
1.000000e+00 9.300000e+01
1.250000e+00 9.300000e+01
1.500000e+00 9.300000e+01
1.750000e+00 9.300000e+01
2.000000e+00 9.300000e+01
2.250000e+00 9.300000e+01
2.500000e+00 9.300000e+01
2.750000e+00 9.300000e+01
3.000000e+00 9.300000e+01
3.250000e+00 9.300000e+01
3.500000e+00 9.300000e+01
3.750000e+00 9.300000e+01
4.000000e+00 9.300000e+01
4.250000e+00 9.300000e+01
4.500000e+00 9.300000e+01
4.750000e+00 9.300000e+01
5.000000e+00 9.300000e+01
5.250000e+00 9.300000e+01
5.500000e+00 9.300000e+01
5.750000e+00 9.300000e+01
6.000000e+00 9.300000e+01
6.250000e+00 9.300000e+01
6.500000e+00 9.300000e+01
6.750000e+00 9.300000e+01
7.000000e+00 9.300000e+01
7.250000e+00 9.300000e+01
7.500000e+00 9.300000e+01
7.750000e+00 9.300000e+01
8.000000e+00 9.300000e+01
8.250000e+00 9.300000e+01
8.500000e+00 9.300000e+01
8.750000e+00 9.300000e+01
9.000000e+00 9.300000e+01
9.250000e+00 9.300000e+01
9.500000e+00 9.300000e+01
9.750000e+00 9.300000e+01
1.000000e+01 9.300000e+01
1.025000e+01 9.300000e+01
1.050000e+01 9.300000e+01
1.075000e+01 9.300000e+01
1.100000e+01 9.300000e+01
1.125000e+01 9.300000e+01
1.150000e+01 9.300000e+01
1.175000e+01 9.300000e+01
1.200000e+01 9.300000e+01
1.225000e+01 9.300000e+01
1.250000e+01 9.300000e+01
1.275000e+01 9.300000e+01
1.300000e+01 9.300000e+01
1.325000e+01 9.300000e+01
1.350000e+01 9.300000e+01
1.375000e+01 9.300000e+01
1.400000e+01 9.300000e+01
1.425000e+01 9.300000e+01
1.450000e+01 9.300000e+01
1.475000e+01 9.300000e+01
1.500000e+01 9.300000e+01
1.525000e+01 9.300000e+01
1.550000e+01 9.300000e+01
1.575000e+01 9.300000e+01
1.600000e+01 9.300000e+01
1.625000e+01 9.300000e+01
1.650000e+01 9.300000e+01
1.675000e+01 9.300000e+01
1.700000e+01 9.300000e+01
1.725000e+01 9.300000e+01
1.750000e+01 9.300000e+01
1.775000e+01 9.300000e+01
1.800000e+01 9.300000e+01
1.825000e+01 9.300000e+01
1.850000e+01 9.300000e+01
1.875000e+01 9.300000e+01
1.900000e+01 9.300000e+01
1.925000e+01 9.300000e+01
1.950000e+01 9.300000e+01
1.975000e+01 9.300000e+01
2.000000e+01 9.300000e+01
2.025000e+01 9.300000e+01
2.050000e+01 9.300000e+01
2.075000e+01 9.300000e+01
2.100000e+01 9.300000e+01
2.125000e+01 9.300000e+01
2.150000e+01 9.300000e+01
2.175000e+01 9.300000e+01
2.200000e+01 9.300000e+01
2.225000e+01 9.300000e+01
2.250000e+01 9.300000e+01
2.275000e+01 9.299999e+01
2.300000e+01 9.299999e+01
2.325000e+01 9.299999e+01
2.350000e+01 9.299999e+01
2.375000e+01 9.299999e+01
2.400000e+01 9.299999e+01
2.425000e+01 9.299999e+01
2.450000e+01 9.299998e+01
2.475000e+01 9.299998e+01
2.500000e+01 9.299998e+01
2.525000e+01 9.299998e+01
2.550000e+01 9.299997e+01
2.575000e+01 9.299997e+01
2.600000e+01 9.299996e+01
2.625000e+01 9.299996e+01
2.650000e+01 9.299995e+01
2.675000e+01 9.299995e+01
2.700000e+01 9.299994e+01
2.725000e+01 9.299993e+01
2.750000e+01 9.299992e+01
2.775000e+01 9.299991e+01
2.800000e+01 9.299990e+01
2.825000e+01 9.299989e+01
2.850000e+01 9.299988e+01
2.875000e+01 9.299987e+01
2.900000e+01 9.299985e+01
2.925000e+01 9.299983e+01
2.950000e+01 9.299982e+01
2.975000e+01 9.299980e+01
3.000000e+01 9.299977e+01
3.025000e+01 9.299975e+01
3.050000e+01 9.299973e+01
3.075000e+01 9.299970e+01
3.100000e+01 9.299967e+01
3.125000e+01 9.299964e+01
3.150000e+01 9.299960e+01
3.175000e+01 9.299956e+01
3.200000e+01 9.299952e+01
3.225000e+01 9.299948e+01
3.250000e+01 9.299943e+01
3.275000e+01 9.299938e+01
3.300000e+01 9.299933e+01
3.325000e+01 9.299927e+01
3.350000e+01 9.299921e+01
3.375000e+01 9.299914e+01
3.400000e+01 9.299907e+01
3.425000e+01 9.299900e+01
3.450000e+01 9.299891e+01
3.475000e+01 9.299883e+01
3.500000e+01 9.299874e+01
3.525000e+01 9.299864e+01
3.550000e+01 9.299854e+01
3.575000e+01 9.299843e+01
3.600000e+01 9.299831e+01
3.625000e+01 9.299819e+01
3.650000e+01 9.299806e+01
3.675000e+01 9.299792e+01
3.700000e+01 9.299777e+01
3.725000e+01 9.299762e+01
3.750000e+01 9.299745e+01
3.775000e+01 9.299728e+01
3.800000e+01 9.299710e+01
3.825000e+01 9.299691e+01
3.850000e+01 9.299671e+01
3.875000e+01 9.299649e+01
3.900000e+01 9.299627e+01
3.925000e+01 9.299604e+01
3.950000e+01 9.299579e+01
3.975000e+01 9.299553e+01
4.000000e+01 9.299526e+01
4.025000e+01 9.299498e+01
4.050000e+01 9.299468e+01
4.075000e+01 9.299437e+01
4.100000e+01 9.299405e+01
4.125000e+01 9.299371e+01
4.150000e+01 9.299335e+01
4.175000e+01 9.299298e+01
4.200000e+01 9.299259e+01
4.225000e+01 9.299219e+01
4.250000e+01 9.299176e+01
4.275000e+01 9.299132e+01
4.300000e+01 9.299086e+01
4.325000e+01 9.299039e+01
4.350000e+01 9.298989e+01
4.375000e+01 9.298937e+01
4.400000e+01 9.298883e+01
4.425000e+01 9.298827e+01
4.450000e+01 9.298769e+01
4.475000e+01 9.298709e+01
4.500000e+01 9.298646e+01
4.525000e+01 9.298581e+01
4.550000e+01 9.298513e+01
4.575000e+01 9.298443e+01
4.600000e+01 9.298371e+01
4.625000e+01 9.298295e+01
4.650000e+01 9.298217e+01
4.675000e+01 9.298137e+01
4.700000e+01 9.298053e+01
4.725000e+01 9.297967e+01
4.750000e+01 9.297877e+01
4.775000e+01 9.297785e+01
4.800000e+01 9.297689e+01
4.825000e+01 9.297591e+01
4.850000e+01 9.297489e+01
4.875000e+01 9.297383e+01
4.900000e+01 9.297275e+01
4.925000e+01 9.297163e+01
4.950000e+01 9.297047e+01
4.975000e+01 9.296928e+01
5.000000e+01 9.296805e+01
5.025000e+01 9.296678e+01
5.050000e+01 9.296548e+01
5.075000e+01 9.296413e+01
5.100000e+01 9.296275e+01
5.125000e+01 9.296132e+01
5.150000e+01 9.295986e+01
5.175000e+01 9.295835e+01
5.200000e+01 9.295679e+01
5.225000e+01 9.295520e+01
5.250000e+01 9.295356e+01
5.275000e+01 9.295187e+01
5.300000e+01 9.295014e+01
5.325000e+01 9.294836e+01
5.350000e+01 9.294653e+01
5.375000e+01 9.294466e+01
5.400000e+01 9.294273e+01
5.425000e+01 9.294075e+01
5.450000e+01 9.293873e+01
5.475000e+01 9.293665e+01
5.500000e+01 9.293451e+01
5.525000e+01 9.293232e+01
5.550000e+01 9.293008e+01
5.575000e+01 9.292778e+01
5.600000e+01 9.292543e+01
5.625000e+01 9.292302e+01
5.650000e+01 9.292055e+01
5.675000e+01 9.291802e+01
5.700000e+01 9.291543e+01
5.725000e+01 9.291278e+01
5.750000e+01 9.291007e+01
5.775000e+01 9.290729e+01
5.800000e+01 9.290445e+01
5.825000e+01 9.290155e+01
5.850000e+01 9.289858e+01
5.875000e+01 9.289554e+01
5.900000e+01 9.289244e+01
5.925000e+01 9.288927e+01
5.950000e+01 9.288603e+01
5.975000e+01 9.288272e+01
6.000000e+01 9.287933e+01
6.025000e+01 9.287588e+01
6.050000e+01 9.287235e+01
6.075000e+01 9.286875e+01
6.100000e+01 9.286507e+01
6.125000e+01 9.286132e+01
6.150000e+01 9.285749e+01
6.175000e+01 9.285358e+01
6.200000e+01 9.284960e+01
6.225000e+01 9.284553e+01
6.250000e+01 9.284139e+01
6.275000e+01 9.283716e+01
6.300000e+01 9.283285e+01
6.325000e+01 9.282845e+01
6.350000e+01 9.282397e+01
6.375000e+01 9.281941e+01
6.400000e+01 9.281476e+01
6.425000e+01 9.281002e+01
6.450000e+01 9.280519e+01
6.475000e+01 9.280027e+01
6.500000e+01 9.279527e+01
6.525000e+01 9.279017e+01
6.550000e+01 9.278498e+01
6.575000e+01 9.277969e+01
6.600000e+01 9.277431e+01
6.625000e+01 9.276884e+01
6.650000e+01 9.276326e+01
6.675000e+01 9.275759e+01
6.700000e+01 9.275183e+01
6.725000e+01 9.274596e+01
6.750000e+01 9.273999e+01
6.775000e+01 9.273392e+01
6.800000e+01 9.272775e+01
6.825000e+01 9.272147e+01
6.850000e+01 9.271509e+01
6.875000e+01 9.270860e+01
6.900000e+01 9.270201e+01
6.925000e+01 9.269531e+01
6.950000e+01 9.268850e+01
6.975000e+01 9.268158e+01
7.000000e+01 9.267455e+01
7.025000e+01 9.266741e+01
7.050000e+01 9.266015e+01
7.075000e+01 9.265278e+01
7.100000e+01 9.264530e+01
7.125000e+01 9.263770e+01
7.150000e+01 9.262998e+01
7.175000e+01 9.262215e+01
7.200000e+01 9.261419e+01
7.225000e+01 9.260612e+01
7.250000e+01 9.259792e+01
7.275000e+01 9.258960e+01
7.300000e+01 9.258116e+01
7.325000e+01 9.257259e+01
7.350000e+01 9.256390e+01
7.375000e+01 9.255508e+01
7.400000e+01 9.254613e+01
7.425000e+01 9.253706e+01
7.450000e+01 9.252785e+01
7.475000e+01 9.251852e+01
7.500000e+01 9.250905e+01
7.525000e+01 9.249945e+01
7.550000e+01 9.248972e+01
7.575000e+01 9.247985e+01
7.600000e+01 9.246984e+01
7.625000e+01 9.245970e+01
7.650000e+01 9.244941e+01
7.675000e+01 9.243899e+01
7.700000e+01 9.242843e+01
7.725000e+01 9.241773e+01
7.750000e+01 9.240688e+01
7.775000e+01 9.239589e+01
7.800000e+01 9.238476e+01
7.825000e+01 9.237348e+01
7.850000e+01 9.236205e+01
7.875000e+01 9.235047e+01
7.900000e+01 9.233875e+01
7.925000e+01 9.232687e+01
7.950000e+01 9.231484e+01
7.975000e+01 9.230266e+01
8.000000e+01 9.229033e+01
8.025000e+01 9.227784e+01
8.050000e+01 9.226520e+01
8.075000e+01 9.225239e+01
8.100000e+01 9.223943e+01
8.125000e+01 9.222632e+01
8.150000e+01 9.221304e+01
8.175000e+01 9.219959e+01
8.200000e+01 9.218599e+01
8.225000e+01 9.217222e+01
8.250000e+01 9.215829e+01
8.275000e+01 9.214419e+01
8.300000e+01 9.212993e+01
8.325000e+01 9.211549e+01
8.350000e+01 9.210089e+01
8.375000e+01 9.208611e+01
8.400000e+01 9.207117e+01
8.425000e+01 9.205605e+01
8.450000e+01 9.204075e+01
8.475000e+01 9.202528e+01
8.500000e+01 9.200964e+01
8.525000e+01 9.199381e+01
8.550000e+01 9.197781e+01
8.575000e+01 9.196163e+01
8.600000e+01 9.194527e+01
8.625000e+01 9.192872e+01
8.650000e+01 9.191199e+01
8.675000e+01 9.189508e+01
8.700000e+01 9.187798e+01
8.725000e+01 9.186069e+01
8.750000e+01 9.184321e+01
8.775000e+01 9.182555e+01
8.800000e+01 9.180769e+01
8.825000e+01 9.178965e+01
8.850000e+01 9.177141e+01
8.875000e+01 9.175297e+01
8.900000e+01 9.173434e+01
8.925000e+01 9.171551e+01
8.950000e+01 9.169649e+01
8.975000e+01 9.167726e+01
9.000000e+01 9.165784e+01
9.025000e+01 9.163821e+01
9.050000e+01 9.161838e+01
9.075000e+01 9.159834e+01
9.100000e+01 9.157810e+01
9.125000e+01 9.155766e+01
9.150000e+01 9.153700e+01
9.175000e+01 9.151614e+01
9.200000e+01 9.149506e+01
9.225000e+01 9.147378e+01
9.250000e+01 9.145228e+01
9.275000e+01 9.143056e+01
9.300000e+01 9.140863e+01
9.325000e+01 9.138649e+01
9.350000e+01 9.136412e+01
9.375000e+01 9.134154e+01
9.400000e+01 9.131873e+01
9.425000e+01 9.129570e+01
9.450000e+01 9.127245e+01
9.475000e+01 9.124897e+01
9.500000e+01 9.122527e+01
9.525000e+01 9.120134e+01
9.550000e+01 9.117718e+01
9.575000e+01 9.115279e+01
9.600000e+01 9.112817e+01
9.625000e+01 9.110331e+01
9.650000e+01 9.107822e+01
9.675000e+01 9.105290e+01
9.700000e+01 9.102734e+01
9.725000e+01 9.100154e+01
9.750000e+01 9.097549e+01
9.775000e+01 9.094921e+01
9.800000e+01 9.092269e+01
9.825000e+01 9.089592e+01
9.850000e+01 9.086890e+01
9.875000e+01 9.084164e+01
9.900000e+01 9.081413e+01
9.925000e+01 9.078637e+01
9.950000e+01 9.075835e+01
9.975000e+01 9.073009e+01
1.000000e+02 9.070157e+01
1.002500e+02 9.067279e+01
1.005000e+02 9.064376e+01
1.007500e+02 9.061447e+01
1.010000e+02 9.058492e+01
1.012500e+02 9.055510e+01
1.015000e+02 9.052502e+01
1.017500e+02 9.049468e+01
1.020000e+02 9.046407e+01
1.022500e+02 9.043319e+01
1.025000e+02 9.040204e+01
1.027500e+02 9.037062e+01
1.030000e+02 9.033893e+01
1.032500e+02 9.030697e+01
1.035000e+02 9.027472e+01
1.037500e+02 9.024220e+01
1.040000e+02 9.020941e+01
1.042500e+02 9.017633e+01
1.045000e+02 9.014296e+01
1.047500e+02 9.010932e+01
1.050000e+02 9.007538e+01
1.052500e+02 9.004116e+01
1.055000e+02 9.000665e+01
1.057500e+02 8.997185e+01
1.060000e+02 8.993676e+01
1.062500e+02 8.990137e+01
1.065000e+02 8.986569e+01
1.067500e+02 8.982971e+01
1.070000e+02 8.979343e+01
1.072500e+02 8.975684e+01
1.075000e+02 8.971996e+01
1.077500e+02 8.968277e+01
1.080000e+02 8.964527e+01
1.082500e+02 8.960746e+01
1.085000e+02 8.956935e+01
1.087500e+02 8.953092e+01
1.090000e+02 8.949218e+01
1.092500e+02 8.945312e+01
1.095000e+02 8.941374e+01
1.097500e+02 8.937405e+01
1.100000e+02 8.933403e+01
1.102500e+02 8.929369e+01
1.105000e+02 8.925302e+01
1.107500e+02 8.921202e+01
1.110000e+02 8.917070e+01
1.112500e+02 8.912904e+01
1.115000e+02 8.908705e+01
1.117500e+02 8.904473e+01
1.120000e+02 8.900207e+01
1.122500e+02 8.895906e+01
1.125000e+02 8.891572e+01
1.127500e+02 8.887203e+01
1.130000e+02 8.882800e+01
1.132500e+02 8.878362e+01
1.135000e+02 8.873888e+01
1.137500e+02 8.869380e+01
1.140000e+02 8.864836e+01
1.142500e+02 8.860257e+01
1.145000e+02 8.855641e+01
1.147500e+02 8.850989e+01
1.150000e+02 8.846303e+01
1.152500e+02 8.841577e+01
1.155000e+02 8.836816e+01
1.157500e+02 8.832017e+01
1.160000e+02 8.827182e+01
1.162500e+02 8.822308e+01
1.165000e+02 8.817397e+01
1.167500e+02 8.812448e+01
1.170000e+02 8.807461e+01
1.172500e+02 8.802436e+01
1.175000e+02 8.797371e+01
1.177500e+02 8.792268e+01
1.180000e+02 8.787125e+01
1.182500e+02 8.781943e+01
1.185000e+02 8.776721e+01
1.187500e+02 8.771460e+01
1.190000e+02 8.766158e+01
1.192500e+02 8.760815e+01
1.195000e+02 8.755431e+01
1.197500e+02 8.750007e+01
1.200000e+02 8.744541e+01
1.202500e+02 8.739034e+01
1.205000e+02 8.733484e+01
1.207500e+02 8.727893e+01
1.210000e+02 8.722259e+01
1.212500e+02 8.716582e+01
1.215000e+02 8.710862e+01
1.217500e+02 8.705099e+01
1.220000e+02 8.699292e+01
1.222500e+02 8.693441e+01
1.225000e+02 8.687546e+01
1.227500e+02 8.681607e+01
1.230000e+02 8.675622e+01
1.232500e+02 8.669593e+01
1.235000e+02 8.663517e+01
1.237500e+02 8.657396e+01
1.240000e+02 8.651229e+01
1.242500e+02 8.645016e+01
1.245000e+02 8.638756e+01
1.247500e+02 8.632448e+01
1.250000e+02 8.626093e+01
1.252500e+02 8.619690e+01
1.255000e+02 8.613240e+01
1.257500e+02 8.606740e+01
1.260000e+02 8.600192e+01
1.262500e+02 8.593594e+01
1.265000e+02 8.586947e+01
1.267500e+02 8.580250e+01
1.270000e+02 8.573502e+01
1.272500e+02 8.566704e+01
1.275000e+02 8.559855e+01
1.277500e+02 8.552954e+01
1.280000e+02 8.546002e+01
1.282500e+02 8.538997e+01
1.285000e+02 8.531939e+01
1.287500e+02 8.524828e+01
1.290000e+02 8.517664e+01
1.292500e+02 8.510446e+01
1.295000e+02 8.503174e+01
1.297500e+02 8.495846e+01
1.300000e+02 8.488464e+01
1.302500e+02 8.481026e+01
1.305000e+02 8.473532e+01
1.307500e+02 8.465981e+01
1.310000e+02 8.458373e+01
1.312500e+02 8.450708e+01
1.315000e+02 8.442985e+01
1.317500e+02 8.435203e+01
1.320000e+02 8.427363e+01
1.322500e+02 8.419463e+01
1.325000e+02 8.411503e+01
1.327500e+02 8.403483e+01
1.330000e+02 8.395402e+01
1.332500e+02 8.387259e+01
1.335000e+02 8.379055e+01
1.337500e+02 8.370788e+01
1.340000e+02 8.362458e+01
1.342500e+02 8.354064e+01
1.345000e+02 8.345607e+01
1.347500e+02 8.337084e+01
1.350000e+02 8.328497e+01
1.352500e+02 8.319843e+01
1.355000e+02 8.311123e+01
1.357500e+02 8.302336e+01
1.360000e+02 8.293481e+01
1.362500e+02 8.284558e+01
1.365000e+02 8.275566e+01
1.367500e+02 8.266504e+01
1.370000e+02 8.257373e+01
1.372500e+02 8.248170e+01
1.375000e+02 8.238896e+01
1.377500e+02 8.229549e+01
1.380000e+02 8.220130e+01
1.382500e+02 8.210637e+01
1.385000e+02 8.201069e+01
1.387500e+02 8.191427e+01
1.390000e+02 8.181708e+01
1.392500e+02 8.171913e+01
1.395000e+02 8.162041e+01
1.397500e+02 8.152091e+01
1.400000e+02 8.142061e+01
1.402500e+02 8.131952e+01
1.405000e+02 8.121762e+01
1.407500e+02 8.111491e+01
1.410000e+02 8.101138e+01
1.412500e+02 8.090701e+01
1.415000e+02 8.080181e+01
1.417500e+02 8.069575e+01
1.420000e+02 8.058884e+01
1.422500e+02 8.048106e+01
1.425000e+02 8.037240e+01
1.427500e+02 8.026285e+01
1.430000e+02 8.015241e+01
1.432500e+02 8.004106e+01
1.435000e+02 7.992880e+01
1.437500e+02 7.981560e+01
1.440000e+02 7.970147e+01
1.442500e+02 7.958639e+01
1.445000e+02 7.947034e+01
1.447500e+02 7.935333e+01
1.450000e+02 7.923533e+01
1.452500e+02 7.911634e+01
1.455000e+02 7.899634e+01
1.457500e+02 7.887532e+01
1.460000e+02 7.875326e+01
1.462500e+02 7.863017e+01
1.465000e+02 7.850601e+01
1.467500e+02 7.838078e+01
1.470000e+02 7.825447e+01
1.472500e+02 7.812706e+01
1.475000e+02 7.799853e+01
1.477500e+02 7.786887e+01
1.480000e+02 7.773807e+01
1.482500e+02 7.760612e+01
1.485000e+02 7.747298e+01
1.487500e+02 7.733866e+01
1.490000e+02 7.720313e+01
1.492500e+02 7.706637e+01
1.495000e+02 7.692838e+01
1.497500e+02 7.678912e+01
1.500000e+02 7.664859e+01
1.502500e+02 7.650676e+01
1.505000e+02 7.636362e+01
1.507500e+02 7.621914e+01
1.510000e+02 7.607331e+01
1.512500e+02 7.592610e+01
1.515000e+02 7.577750e+01
1.517500e+02 7.562747e+01
1.520000e+02 7.547601e+01
1.522500e+02 7.532309e+01
1.525000e+02 7.516868e+01
1.527500e+02 7.501275e+01
1.530000e+02 7.485530e+01
1.532500e+02 7.469628e+01
1.535000e+02 7.453567e+01
1.537500e+02 7.437345e+01
1.540000e+02 7.420959e+01
1.542500e+02 7.404405e+01
1.545000e+02 7.387682e+01
1.547500e+02 7.370785e+01
1.550000e+02 7.353712e+01
1.552500e+02 7.336460e+01
1.555000e+02 7.319024e+01
1.557500e+02 7.301403e+01
1.560000e+02 7.283592e+01
1.562500e+02 7.265587e+01
1.565000e+02 7.247384e+01
1.567500e+02 7.228981e+01
1.570000e+02 7.210372e+01
1.572500e+02 7.191553e+01
1.575000e+02 7.172521e+01
1.577500e+02 7.153270e+01
1.580000e+02 7.133796e+01
1.582500e+02 7.114094e+01
1.585000e+02 7.094159e+01
1.587500e+02 7.073985e+01
1.590000e+02 7.053568e+01
1.592500e+02 7.032902e+01
1.595000e+02 7.011980e+01
1.597500e+02 6.990797e+01
1.600000e+02 6.969346e+01
1.602500e+02 6.947620e+01
1.605000e+02 6.925613e+01
1.607500e+02 6.903318e+01
1.610000e+02 6.880726e+01
1.612500e+02 6.857831e+01
1.615000e+02 6.834623e+01
1.617500e+02 6.811094e+01
1.620000e+02 6.787236e+01
1.622500e+02 6.763037e+01
1.625000e+02 6.738489e+01
1.627500e+02 6.713582e+01
1.630000e+02 6.688303e+01
1.632500e+02 6.662642e+01
1.635000e+02 6.636586e+01
1.637500e+02 6.610122e+01
1.640000e+02 6.583237e+01
1.642500e+02 6.555916e+01
1.645000e+02 6.528144e+01
1.647500e+02 6.499905e+01
1.650000e+02 6.471181e+01
1.652500e+02 6.441955e+01
1.655000e+02 6.412207e+01
1.657500e+02 6.381915e+01
1.660000e+02 6.351058e+01
1.662500e+02 6.319613e+01
1.665000e+02 6.287552e+01
1.667500e+02 6.254850e+01
1.670000e+02 6.221476e+01
1.672500e+02 6.187398e+01
1.675000e+02 6.152582e+01
1.677500e+02 6.116991e+01
1.680000e+02 6.080583e+01
1.682500e+02 6.043315e+01
1.685000e+02 6.005136e+01
1.687500e+02 5.965995e+01
1.690000e+02 5.925830e+01
1.692500e+02 5.884578e+01
1.695000e+02 5.842166e+01
1.697500e+02 5.798511e+01
1.700000e+02 5.753524e+01
1.702500e+02 5.707100e+01
1.705000e+02 5.659124e+01
1.707500e+02 5.609460e+01
1.710000e+02 5.557956e+01
1.712500e+02 5.504432e+01
1.715000e+02 5.448676e+01
1.717500e+02 5.390441e+01
1.720000e+02 5.329425e+01
1.722500e+02 5.265263e+01
1.725000e+02 5.197501e+01
1.727500e+02 5.125565e+01
1.730000e+02 5.048709e+01
1.732500e+02 4.965938e+01
1.735000e+02 4.875865e+01
1.737500e+02 4.776463e+01
1.740000e+02 4.664549e+01
1.742500e+02 4.534582e+01
1.745000e+02 4.375120e+01
1.747500e+02 4.152421e+01
1.750000e+02 0.000000e+00
