0.000000e+00
0.000000e+00 9.300000e+01
2.500000e-01 9.300000e+01
5.000000e-01 9.300000e+01
7.500000e-01 9.300000e+01
1.000000e+00 9.300000e+01
1.250000e+00 9.300000e+01
1.500000e+00 9.300000e+01
1.750000e+00 9.300000e+01
2.000000e+00 9.300000e+01
2.250000e+00 9.300000e+01
2.500000e+00 9.300000e+01
2.750000e+00 9.300000e+01
3.000000e+00 9.300000e+01
3.250000e+00 9.300000e+01
3.500000e+00 9.300000e+01
3.750000e+00 9.300000e+01
4.000000e+00 9.300000e+01
4.250000e+00 9.300000e+01
4.500000e+00 9.300000e+01
4.750000e+00 9.300000e+01
5.000000e+00 9.300000e+01
5.250000e+00 9.300000e+01
5.500000e+00 9.300000e+01
5.750000e+00 9.300000e+01
6.000000e+00 9.300000e+01
6.250000e+00 9.300000e+01
6.500000e+00 9.300000e+01
6.750000e+00 9.300000e+01
7.000000e+00 9.300000e+01
7.250000e+00 9.300000e+01
7.500000e+00 9.300000e+01
7.750000e+00 9.300000e+01
8.000000e+00 9.300000e+01
8.250000e+00 9.300000e+01
8.500000e+00 9.300000e+01
8.750000e+00 9.300000e+01
9.000000e+00 9.300000e+01
9.250000e+00 9.300000e+01
9.500000e+00 9.300000e+01
9.750000e+00 9.300000e+01
1.000000e+01 9.300000e+01
1.025000e+01 9.300000e+01
1.050000e+01 9.300000e+01
1.075000e+01 9.300000e+01
1.100000e+01 9.300000e+01
1.125000e+01 9.300000e+01
1.150000e+01 9.300000e+01
1.175000e+01 9.300000e+01
1.200000e+01 9.300000e+01
1.225000e+01 9.300000e+01
1.250000e+01 9.300000e+01
1.275000e+01 9.300000e+01
1.300000e+01 9.300000e+01
1.325000e+01 9.300000e+01
1.350000e+01 9.300000e+01
1.375000e+01 9.300000e+01
1.400000e+01 9.300000e+01
1.425000e+01 9.300000e+01
1.450000e+01 9.300000e+01
1.475000e+01 9.300000e+01
1.500000e+01 9.300000e+01
1.525000e+01 9.300000e+01
1.550000e+01 9.300000e+01
1.575000e+01 9.300000e+01
1.600000e+01 9.300000e+01
1.625000e+01 9.300000e+01
1.650000e+01 9.300000e+01
1.675000e+01 9.300000e+01
1.700000e+01 9.300000e+01
1.725000e+01 9.300000e+01
1.750000e+01 9.300000e+01
1.775000e+01 9.300000e+01
1.800000e+01 9.300000e+01
1.825000e+01 9.300000e+01
1.850000e+01 9.300000e+01
1.875000e+01 9.300000e+01
1.900000e+01 9.300000e+01
1.925000e+01 9.300000e+01
1.950000e+01 9.300000e+01
1.975000e+01 9.300000e+01
2.000000e+01 9.300000e+01
2.025000e+01 9.300000e+01
2.050000e+01 9.300000e+01
2.075000e+01 9.300000e+01
2.100000e+01 9.300000e+01
2.125000e+01 9.300000e+01
2.150000e+01 9.300000e+01
2.175000e+01 9.300000e+01
2.200000e+01 9.300000e+01
2.225000e+01 9.300000e+01
2.250000e+01 9.300000e+01
2.275000e+01 9.299999e+01
2.300000e+01 9.299999e+01
2.325000e+01 9.299999e+01
2.350000e+01 9.299999e+01
2.375000e+01 9.299999e+01
2.400000e+01 9.299999e+01
2.425000e+01 9.299999e+01
2.450000e+01 9.299998e+01
2.475000e+01 9.299998e+01
2.500000e+01 9.299998e+01
2.525000e+01 9.299998e+01
2.550000e+01 9.299997e+01
2.575000e+01 9.299997e+01
2.600000e+01 9.299996e+01
2.625000e+01 9.299996e+01
2.650000e+01 9.299995e+01
2.675000e+01 9.299995e+01
2.700000e+01 9.299994e+01
2.725000e+01 9.299993e+01
2.750000e+01 9.299992e+01
2.775000e+01 9.299991e+01
2.800000e+01 9.299990e+01
2.825000e+01 9.299989e+01
2.850000e+01 9.299988e+01
2.875000e+01 9.299987e+01
2.900000e+01 9.299985e+01
2.925000e+01 9.299983e+01
2.950000e+01 9.299982e+01
2.975000e+01 9.299980e+01
3.000000e+01 9.299977e+01
3.025000e+01 9.299975e+01
3.050000e+01 9.299973e+01
3.075000e+01 9.299970e+01
3.100000e+01 9.299967e+01
3.125000e+01 9.299964e+01
3.150000e+01 9.299960e+01
3.175000e+01 9.299956e+01
3.200000e+01 9.299952e+01
3.225000e+01 9.299948e+01
3.250000e+01 9.299943e+01
3.275000e+01 9.299938e+01
3.300000e+01 9.299933e+01
3.325000e+01 9.299927e+01
3.350000e+01 9.299921e+01
3.375000e+01 9.299914e+01
3.400000e+01 9.299907e+01
3.425000e+01 9.299900e+01
3.450000e+01 9.299891e+01
3.475000e+01 9.299883e+01
3.500000e+01 9.299874e+01
3.525000e+01 9.299864e+01
3.550000e+01 9.299854e+01
3.575000e+01 9.299843e+01
3.600000e+01 9.299831e+01
3.625000e+01 9.299819e+01
3.650000e+01 9.299806e+01
3.675000e+01 9.299792e+01
3.700000e+01 9.299777e+01
3.725000e+01 9.299762e+01
3.750000e+01 9.299745e+01
3.775000e+01 9.299728e+01
3.800000e+01 9.299710e+01
3.825000e+01 9.299691e+01
3.850000e+01 9.299671e+01
3.875000e+01 9.299649e+01
3.900000e+01 9.299627e+01
3.925000e+01 9.299604e+01
3.950000e+01 9.299579e+01
3.975000e+01 9.299553e+01
4.000000e+01 9.299526e+01
4.025000e+01 9.299498e+01
4.050000e+01 9.299468e+01
4.075000e+01 9.299437e+01
4.100000e+01 9.299405e+01
4.125000e+01 9.299371e+01
4.150000e+01 9.299335e+01
4.175000e+01 9.299298e+01
4.200000e+01 9.299259e+01
4.225000e+01 9.299219e+01
4.250000e+01 9.299176e+01
4.275000e+01 9.299132e+01
4.300000e+01 9.299086e+01
4.325000e+01 9.299039e+01
4.350000e+01 9.298989e+01
4.375000e+01 9.298937e+01
4.400000e+01 9.298883e+01
4.425000e+01 9.298827e+01
4.450000e+01 9.298769e+01
4.475000e+01 9.298709e+01
4.500000e+01 9.298646e+01
4.525000e+01 9.298581e+01
4.550000e+01 9.298513e+01
4.575000e+01 9.298443e+01
4.600000e+01 9.298371e+01
4.625000e+01 9.298295e+01
4.650000e+01 9.298217e+01
4.675000e+01 9.298137e+01
4.700000e+01 9.298053e+01
4.725000e+01 9.297967e+01
4.750000e+01 9.297877e+01
4.775000e+01 9.297785e+01
4.800000e+01 9.297689e+01
4.825000e+01 9.297591e+01
4.850000e+01 9.297489e+01
4.875000e+01 9.297383e+01
4.900000e+01 9.297275e+01
4.925000e+01 9.297163e+01
4.950000e+01 9.297047e+01
4.975000e+01 9.296928e+01
5.000000e+01 9.296805e+01
5.025000e+01 9.296678e+01
5.050000e+01 9.296548e+01
5.075000e+01 9.296413e+01
5.100000e+01 9.296275e+01
5.125000e+01 9.296132e+01
5.150000e+01 9.295986e+01
5.175000e+01 9.295835e+01
5.200000e+01 9.295680e+01
5.225000e+01 9.295520e+01
5.250000e+01 9.295356e+01
5.275000e+01 9.295187e+01
5.300000e+01 9.295014e+01
5.325000e+01 9.294836e+01
5.350000e+01 9.294653e+01
5.375000e+01 9.294466e+01
5.400000e+01 9.294273e+01
5.425000e+01 9.294076e+01
5.450000e+01 9.293873e+01
5.475000e+01 9.293665e+01
5.500000e+01 9.293451e+01
5.525000e+01 9.293233e+01
5.550000e+01 9.293009e+01
5.575000e+01 9.292779e+01
5.600000e+01 9.292543e+01
5.625000e+01 9.292302e+01
5.650000e+01 9.292055e+01
5.675000e+01 9.291802e+01
5.700000e+01 9.291543e+01
5.725000e+01 9.291278e+01
5.750000e+01 9.291007e+01
5.775000e+01 9.290730e+01
5.800000e+01 9.290446e+01
5.825000e+01 9.290155e+01
5.850000e+01 9.289858e+01
5.875000e+01 9.289555e+01
5.900000e+01 9.289245e+01
5.925000e+01 9.288927e+01
5.950000e+01 9.288603e+01
5.975000e+01 9.288272e+01
6.000000e+01 9.287934e+01
6.025000e+01 9.287589e+01
6.050000e+01 9.287236e+01
6.075000e+01 9.286876e+01
6.100000e+01 9.286508e+01
6.125000e+01 9.286133e+01
6.150000e+01 9.285750e+01
6.175000e+01 9.285360e+01
6.200000e+01 9.284961e+01
6.225000e+01 9.284554e+01
6.250000e+01 9.284140e+01
6.275000e+01 9.283717e+01
6.300000e+01 9.283286e+01
6.325000e+01 9.282847e+01
6.350000e+01 9.282399e+01
6.375000e+01 9.281943e+01
6.400000e+01 9.281477e+01
6.425000e+01 9.281004e+01
6.450000e+01 9.280521e+01
6.475000e+01 9.280029e+01
6.500000e+01 9.279529e+01
6.525000e+01 9.279019e+01
6.550000e+01 9.278500e+01
6.575000e+01 9.277971e+01
6.600000e+01 9.277434e+01
6.625000e+01 9.276886e+01
6.650000e+01 9.276329e+01
6.675000e+01 9.275762e+01
6.700000e+01 9.275186e+01
6.725000e+01 9.274599e+01
6.750000e+01 9.274002e+01
6.775000e+01 9.273396e+01
6.800000e+01 9.272778e+01
6.825000e+01 9.272151e+01
6.850000e+01 9.271513e+01
6.875000e+01 9.270865e+01
6.900000e+01 9.270205e+01
6.925000e+01 9.269536e+01
6.950000e+01 9.268855e+01
6.975000e+01 9.268163e+01
7.000000e+01 9.267460e+01
7.025000e+01 9.266746e+01
7.050000e+01 9.266021e+01
7.075000e+01 9.265284e+01
7.100000e+01 9.264536e+01
7.125000e+01 9.263776e+01
7.150000e+01 9.263005e+01
7.175000e+01 9.262222e+01
7.200000e+01 9.261426e+01
7.225000e+01 9.260619e+01
7.250000e+01 9.259800e+01
7.275000e+01 9.258968e+01
7.300000e+01 9.258124e+01
7.325000e+01 9.257268e+01
7.350000e+01 9.256399e+01
7.375000e+01 9.255518e+01
7.400000e+01 9.254624e+01
7.425000e+01 9.253716e+01
7.450000e+01 9.252796e+01
7.475000e+01 9.251863e+01
7.500000e+01 9.250917e+01
7.525000e+01 9.249957e+01
7.550000e+01 9.248984e+01
7.575000e+01 9.247998e+01
7.600000e+01 9.246998e+01
7.625000e+01 9.245984e+01
7.650000e+01 9.244956e+01
7.675000e+01 9.243915e+01
7.700000e+01 9.242859e+01
7.725000e+01 9.241790e+01
7.750000e+01 9.240706e+01
7.775000e+01 9.239607e+01
7.800000e+01 9.238494e+01
7.825000e+01 9.237367e+01
7.850000e+01 9.236225e+01
7.875000e+01 9.235068e+01
7.900000e+01 9.233896e+01
7.925000e+01 9.232710e+01
7.950000e+01 9.231508e+01
7.975000e+01 9.230291e+01
8.000000e+01 9.229058e+01
8.025000e+01 9.227810e+01
8.050000e+01 9.226547e+01
8.075000e+01 9.225267e+01
8.100000e+01 9.223972e+01
8.125000e+01 9.222662e+01
8.150000e+01 9.221335e+01
8.175000e+01 9.219992e+01
8.200000e+01 9.218632e+01
8.225000e+01 9.217257e+01
8.250000e+01 9.215865e+01
8.275000e+01 9.214456e+01
8.300000e+01 9.213031e+01
8.325000e+01 9.211588e+01
8.350000e+01 9.210129e+01
8.375000e+01 9.208653e+01
8.400000e+01 9.207160e+01
8.425000e+01 9.205650e+01
8.450000e+01 9.204122e+01
8.475000e+01 9.202576e+01
8.500000e+01 9.201013e+01
8.525000e+01 9.199433e+01
8.550000e+01 9.197834e+01
8.575000e+01 9.196218e+01
8.600000e+01 9.194583e+01
8.625000e+01 9.192930e+01
8.650000e+01 9.191259e+01
8.675000e+01 9.189570e+01
8.700000e+01 9.187862e+01
8.725000e+01 9.186135e+01
8.750000e+01 9.184390e+01
8.775000e+01 9.182625e+01
8.800000e+01 9.180842e+01
8.825000e+01 9.179039e+01
8.850000e+01 9.177218e+01
8.875000e+01 9.175377e+01
8.900000e+01 9.173516e+01
8.925000e+01 9.171636e+01
8.950000e+01 9.169736e+01
8.975000e+01 9.167816e+01
9.000000e+01 9.165876e+01
9.025000e+01 9.163916e+01
9.050000e+01 9.161936e+01
9.075000e+01 9.159936e+01
9.100000e+01 9.157915e+01
9.125000e+01 9.155873e+01
9.150000e+01 9.153811e+01
9.175000e+01 9.151728e+01
9.200000e+01 9.149623e+01
9.225000e+01 9.147498e+01
9.250000e+01 9.145352e+01
9.275000e+01 9.143184e+01
9.300000e+01 9.140995e+01
9.325000e+01 9.138784e+01
9.350000e+01 9.136551e+01
9.375000e+01 9.134297e+01
9.400000e+01 9.132020e+01
9.425000e+01 9.129722e+01
9.450000e+01 9.127401e+01
9.475000e+01 9.125058e+01
9.500000e+01 9.122692e+01
9.525000e+01 9.120303e+01
9.550000e+01 9.117892e+01
9.575000e+01 9.115458e+01
9.600000e+01 9.113001e+01
9.625000e+01 9.110521e+01
9.650000e+01 9.108017e+01
9.675000e+01 9.105490e+01
9.700000e+01 9.102939e+01
9.725000e+01 9.100364e+01
9.750000e+01 9.097766e+01
9.775000e+01 9.095144e+01
9.800000e+01 9.092497e+01
9.825000e+01 9.089827e+01
9.850000e+01 9.087131e+01
9.875000e+01 9.084412e+01
9.900000e+01 9.081667e+01
9.925000e+01 9.078898e+01
9.950000e+01 9.076104e+01
9.975000e+01 9.073284e+01
1.000000e+02 9.070439e+01
1.002500e+02 9.067569e+01
1.005000e+02 9.064674e+01
1.007500e+02 9.061752e+01
1.010000e+02 9.058805e+01
1.012500e+02 9.055832e+01
1.015000e+02 9.052832e+01
1.017500e+02 9.049806e+01
1.020000e+02 9.046754e+01
1.022500e+02 9.043675e+01
1.025000e+02 9.040570e+01
1.027500e+02 9.037437e+01
1.030000e+02 9.034278e+01
1.032500e+02 9.031091e+01
1.035000e+02 9.027877e+01
1.037500e+02 9.024635e+01
1.040000e+02 9.021365e+01
1.042500e+02 9.018068e+01
1.045000e+02 9.014743e+01
1.047500e+02 9.011389e+01
1.050000e+02 9.008007e+01
1.052500e+02 9.004597e+01
1.055000e+02 9.001158e+01
1.057500e+02 8.997690e+01
1.060000e+02 8.994194e+01
1.062500e+02 8.990668e+01
1.065000e+02 8.987112e+01
1.067500e+02 8.983527e+01
1.070000e+02 8.979913e+01
1.072500e+02 8.976269e+01
1.075000e+02 8.972594e+01
1.077500e+02 8.968890e+01
1.080000e+02 8.965155e+01
1.082500e+02 8.961390e+01
1.085000e+02 8.957594e+01
1.087500e+02 8.953767e+01
1.090000e+02 8.949908e+01
1.092500e+02 8.946019e+01
1.095000e+02 8.942098e+01
1.097500e+02 8.938146e+01
1.100000e+02 8.934162e+01
1.102500e+02 8.930146e+01
1.105000e+02 8.926098e+01
1.107500e+02 8.922017e+01
1.110000e+02 8.917904e+01
1.112500e+02 8.913758e+01
1.115000e+02 8.909579e+01
1.117500e+02 8.905367e+01
1.120000e+02 8.901121e+01
1.122500e+02 8.896843e+01
1.125000e+02 8.892530e+01
1.127500e+02 8.888183e+01
1.130000e+02 8.883803e+01
1.132500e+02 8.879388e+01
1.135000e+02 8.874938e+01
1.137500e+02 8.870454e+01
1.140000e+02 8.865935e+01
1.142500e+02 8.861381e+01
1.145000e+02 8.856791e+01
1.147500e+02 8.852166e+01
1.150000e+02 8.847506e+01
1.152500e+02 8.842807e+01
1.155000e+02 8.838074e+01
1.157500e+02 8.833304e+01
1.160000e+02 8.828498e+01
1.162500e+02 8.823654e+01
1.165000e+02 8.818774e+01
1.167500e+02 8.813856e+01
1.170000e+02 8.808901e+01
1.172500e+02 8.803907e+01
1.175000e+02 8.798876e+01
1.177500e+02 8.793806e+01
1.180000e+02 8.788698e+01
1.182500e+02 8.783551e+01
1.185000e+02 8.778365e+01
1.187500e+02 8.773140e+01
1.190000e+02 8.767875e+01
1.192500e+02 8.762571e+01
1.195000e+02 8.757226e+01
1.197500e+02 8.751841e+01
1.200000e+02 8.746416e+01
1.202500e+02 8.740950e+01
1.205000e+02 8.735443e+01
1.207500e+02 8.729895e+01
1.210000e+02 8.724304e+01
1.212500e+02 8.718673e+01
1.215000e+02 8.712999e+01
1.217500e+02 8.707282e+01
1.220000e+02 8.701523e+01
1.222500e+02 8.695721e+01
1.225000e+02 8.689876e+01
1.227500e+02 8.683987e+01
1.230000e+02 8.678054e+01
1.232500e+02 8.672078e+01
1.235000e+02 8.666057e+01
1.237500e+02 8.659991e+01
1.240000e+02 8.653880e+01
1.242500e+02 8.647724e+01
1.245000e+02 8.641522e+01
1.247500e+02 8.635274e+01
1.250000e+02 8.628980e+01
1.252500e+02 8.622640e+01
1.255000e+02 8.616252e+01
1.257500e+02 8.609818e+01
1.260000e+02 8.603336e+01
1.262500e+02 8.596806e+01
1.265000e+02 8.590228e+01
1.267500e+02 8.583601e+01
1.270000e+02 8.576925e+01
1.272500e+02 8.570200e+01
1.275000e+02 8.563426e+01
1.277500e+02 8.556602e+01
1.280000e+02 8.549727e+01
1.282500e+02 8.542802e+01
1.285000e+02 8.535825e+01
1.287500e+02 8.528797e+01
1.290000e+02 8.521718e+01
1.292500e+02 8.514586e+01
1.295000e+02 8.507402e+01
1.297500e+02 8.500165e+01
1.300000e+02 8.492874e+01
1.302500e+02 8.485530e+01
1.305000e+02 8.478132e+01
1.307500e+02 8.470679e+01
1.310000e+02 8.463171e+01
1.312500e+02 8.455607e+01
1.315000e+02 8.447988e+01
1.317500e+02 8.440313e+01
1.320000e+02 8.432581e+01
1.322500e+02 8.424792e+01
1.325000e+02 8.416945e+01
1.327500e+02 8.409041e+01
1.330000e+02 8.401077e+01
1.332500e+02 8.393055e+01
1.335000e+02 8.384974e+01
1.337500e+02 8.376833e+01
1.340000e+02 8.368631e+01
1.342500e+02 8.360368e+01
1.345000e+02 8.352044e+01
1.347500e+02 8.343659e+01
1.350000e+02 8.335210e+01
1.352500e+02 8.326699e+01
1.355000e+02 8.318125e+01
1.357500e+02 8.309486e+01
1.360000e+02 8.300784e+01
1.362500e+02 8.292016e+01
1.365000e+02 8.283182e+01
1.367500e+02 8.274283e+01
1.370000e+02 8.265316e+01
1.372500e+02 8.256283e+01
1.375000e+02 8.247181e+01
1.377500e+02 8.238011e+01
1.380000e+02 8.228772e+01
1.382500e+02 8.219463e+01
1.385000e+02 8.210084e+01
1.387500e+02 8.200634e+01
1.390000e+02 8.191113e+01
1.392500e+02 8.181519e+01
1.395000e+02 8.171852e+01
1.397500e+02 8.162112e+01
1.400000e+02 8.152297e+01
1.402500e+02 8.142408e+01
1.405000e+02 8.132443e+01
1.407500e+02 8.122401e+01
1.410000e+02 8.112283e+01
1.412500e+02 8.102086e+01
1.415000e+02 8.091811e+01
1.417500e+02 8.081457e+01
1.420000e+02 8.071022e+01
1.422500e+02 8.060507e+01
1.425000e+02 8.049910e+01
1.427500e+02 8.039230e+01
1.430000e+02 8.028468e+01
1.432500e+02 8.017620e+01
1.435000e+02 8.006688e+01
1.437500e+02 7.995670e+01
1.440000e+02 7.984565e+01
1.442500e+02 7.973373e+01
1.445000e+02 7.962092e+01
1.447500e+02 7.950721e+01
1.450000e+02 7.939260e+01
1.452500e+02 7.927707e+01
1.455000e+02 7.916062e+01
1.457500e+02 7.904324e+01
1.460000e+02 7.892491e+01
1.462500e+02 7.880562e+01
1.465000e+02 7.868537e+01
1.467500e+02 7.856414e+01
1.470000e+02 7.844193e+01
1.472500e+02 7.831871e+01
1.475000e+02 7.819449e+01
1.477500e+02 7.806925e+01
1.480000e+02 7.794297e+01
1.482500e+02 7.781564e+01
1.485000e+02 7.768726e+01
1.487500e+02 7.755781e+01
1.490000e+02 7.742727e+01
1.492500e+02 7.729564e+01
1.495000e+02 7.716290e+01
1.497500e+02 7.702903e+01
1.500000e+02 7.689403e+01
1.502500e+02 7.675787e+01
1.505000e+02 7.662055e+01
1.507500e+02 7.648205e+01
1.510000e+02 7.634235e+01
1.512500e+02 7.620144e+01
1.515000e+02 7.605931e+01
1.517500e+02 7.591593e+01
1.520000e+02 7.577129e+01
1.522500e+02 7.562537e+01
1.525000e+02 7.547816e+01
1.527500e+02 7.532964e+01
1.530000e+02 7.517978e+01
1.532500e+02 7.502858e+01
1.535000e+02 7.487602e+01
1.537500e+02 7.472206e+01
1.540000e+02 7.456670e+01
1.542500e+02 7.440991e+01
1.545000e+02 7.425168e+01
1.547500e+02 7.409198e+01
1.550000e+02 7.393078e+01
1.552500e+02 7.376808e+01
1.555000e+02 7.360383e+01
1.557500e+02 7.343803e+01
1.560000e+02 7.327065e+01
1.562500e+02 7.310166e+01
1.565000e+02 7.293103e+01
1.567500e+02 7.275874e+01
1.570000e+02 7.258477e+01
1.572500e+02 7.240909e+01
1.575000e+02 7.223166e+01
1.577500e+02 7.205246e+01
1.580000e+02 7.187146e+01
1.582500e+02 7.168864e+01
1.585000e+02 7.150394e+01
1.587500e+02 7.131736e+01
1.590000e+02 7.112884e+01
1.592500e+02 7.093837e+01
1.595000e+02 7.074589e+01
1.597500e+02 7.055138e+01
1.600000e+02 7.035480e+01
1.602500e+02 7.015611e+01
1.605000e+02 6.995527e+01
1.607500e+02 6.975224e+01
1.610000e+02 6.954697e+01
1.612500e+02 6.933943e+01
1.615000e+02 6.912957e+01
1.617500e+02 6.891734e+01
1.620000e+02 6.870269e+01
1.622500e+02 6.848558e+01
1.625000e+02 6.826595e+01
1.627500e+02 6.804375e+01
1.630000e+02 6.781892e+01
1.632500e+02 6.759141e+01
1.635000e+02 6.736116e+01
1.637500e+02 6.712811e+01
1.640000e+02 6.689220e+01
1.642500e+02 6.665335e+01
1.645000e+02 6.641150e+01
1.647500e+02 6.616659e+01
1.650000e+02 6.591854e+01
1.652500e+02 6.566726e+01
1.655000e+02 6.541269e+01
1.657500e+02 6.515474e+01
1.660000e+02 6.489333e+01
1.662500e+02 6.462836e+01
1.665000e+02 6.435974e+01
1.667500e+02 6.408739e+01
1.670000e+02 6.381119e+01
1.672500e+02 6.353104e+01
1.675000e+02 6.324683e+01
1.677500e+02 6.295846e+01
1.680000e+02 6.266579e+01
1.682500e+02 6.236870e+01
1.685000e+02 6.206707e+01
1.687500e+02 6.176076e+01
1.690000e+02 6.144962e+01
1.692500e+02 6.113350e+01
1.695000e+02 6.081225e+01
1.697500e+02 6.048570e+01
1.700000e+02 6.015368e+01
1.702500e+02 5.981600e+01
1.705000e+02 5.947248e+01
1.707500e+02 5.912290e+01
1.710000e+02 5.876707e+01
1.712500e+02 5.840476e+01
1.715000e+02 5.803572e+01
1.717500e+02 5.765972e+01
1.720000e+02 5.727649e+01
1.722500e+02 5.688575e+01
1.725000e+02 5.648721e+01
1.727500e+02 5.608056e+01
1.730000e+02 5.566548e+01
1.732500e+02 5.524162e+01
1.735000e+02 5.480861e+01
1.737500e+02 5.436607e+01
1.740000e+02 5.391358e+01
1.742500e+02 5.345073e+01
1.745000e+02 5.297704e+01
1.747500e+02 5.249205e+01
1.750000e+02 5.199523e+01
1.752500e+02 5.148607e+01
1.755000e+02 5.096399e+01
1.757500e+02 5.042842e+01
1.760000e+02 4.987874e+01
1.762500e+02 4.931432e+01
1.765000e+02 4.873452e+01
1.767500e+02 4.813867e+01
1.770000e+02 4.752612e+01
1.772500e+02 4.689621e+01
1.775000e+02 4.624833e+01
1.777500e+02 4.558189e+01
1.780000e+02 4.489640e+01
1.782500e+02 4.419148e+01
1.785000e+02 4.346692e+01
1.787500e+02 4.272270e+01
1.790000e+02 4.195911e+01
1.792500e+02 4.117678e+01
1.795000e+02 4.037678e+01
1.797500e+02 3.956066e+01
1.800000e+02 3.873058e+01
1.802500e+02 3.788928e+01
1.805000e+02 3.704010e+01
1.807500e+02 3.618694e+01
1.810000e+02 3.533411e+01
1.812500e+02 3.448618e+01
1.815000e+02 3.364778e+01
1.817500e+02 3.282331e+01
1.820000e+02 3.201679e+01
1.822500e+02 3.123166e+01
1.825000e+02 3.047065e+01
1.827500e+02 2.973580e+01
1.830000e+02 2.902841e+01
1.832500e+02 2.834915e+01
1.835000e+02 2.769816e+01
1.837500e+02 2.707511e+01
1.840000e+02 2.647936e+01
1.842500e+02 2.590999e+01
1.845000e+02 2.536594e+01
1.847500e+02 2.484605e+01
1.850000e+02 2.434909e+01
1.852500e+02 2.387383e+01
1.855000e+02 2.341907e+01
1.857500e+02 2.298361e+01
1.860000e+02 2.256634e+01
1.862500e+02 2.216617e+01
1.865000e+02 2.178208e+01
1.867500e+02 2.141313e+01
1.870000e+02 2.105842e+01
1.872500e+02 2.071711e+01
1.875000e+02 2.038842e+01
1.877500e+02 2.007163e+01
1.880000e+02 1.976607e+01
1.882500e+02 1.947110e+01
1.885000e+02 1.918615e+01
1.887500e+02 1.891066e+01
1.890000e+02 1.864414e+01
1.892500e+02 1.838612e+01
1.895000e+02 1.813616e+01
1.897500e+02 1.789384e+01
1.900000e+02 1.765880e+01
1.902500e+02 1.743067e+01
1.905000e+02 1.720912e+01
1.907500e+02 1.699385e+01
1.910000e+02 1.678456e+01
1.912500e+02 1.658097e+01
1.915000e+02 1.638284e+01
1.917500e+02 1.618992e+01
1.920000e+02 1.600200e+01
1.922500e+02 1.581884e+01
1.925000e+02 1.564027e+01
1.927500e+02 1.546608e+01
1.930000e+02 1.529610e+01
1.932500e+02 1.513017e+01
1.935000e+02 1.496812e+01
1.937500e+02 1.480981e+01
1.940000e+02 1.465509e+01
1.942500e+02 1.450383e+01
1.945000e+02 1.435591e+01
1.947500e+02 1.421119e+01
1.950000e+02 1.406958e+01
1.952500e+02 1.393095e+01
1.955000e+02 1.379521e+01
1.957500e+02 1.366226e+01
1.960000e+02 1.353200e+01
1.962500e+02 1.340434e+01
1.965000e+02 1.327920e+01
1.967500e+02 1.315650e+01
1.970000e+02 1.303616e+01
1.972500e+02 1.291811e+01
1.975000e+02 1.280227e+01
1.977500e+02 1.268857e+01
1.980000e+02 1.257696e+01
1.982500e+02 1.246737e+01
1.985000e+02 1.235974e+01
1.987500e+02 1.225402e+01
1.990000e+02 1.215014e+01
1.992500e+02 1.204806e+01
1.995000e+02 1.194773e+01
1.997500e+02 1.184909e+01
2.000000e+02 1.175211e+01
2.002500e+02 1.165673e+01
2.005000e+02 1.156292e+01
2.007500e+02 1.147062e+01
2.010000e+02 1.137982e+01
2.012500e+02 1.129045e+01
2.015000e+02 1.120249e+01
2.017500e+02 1.111590e+01
2.020000e+02 1.103065e+01
2.022500e+02 1.094671e+01
2.025000e+02 1.086403e+01
2.027500e+02 1.078260e+01
2.030000e+02 1.070237e+01
2.032500e+02 1.062333e+01
2.035000e+02 1.054544e+01
2.037500e+02 1.046868e+01
2.040000e+02 1.039303e+01
2.042500e+02 1.031844e+01
2.045000e+02 1.024491e+01
2.047500e+02 1.017241e+01
2.050000e+02 1.010091e+01
2.052500e+02 1.003040e+01
2.055000e+02 9.960843e+00
2.057500e+02 9.892229e+00
2.060000e+02 9.824536e+00
2.062500e+02 9.757744e+00
2.065000e+02 9.691834e+00
2.067500e+02 9.626787e+00
2.070000e+02 9.562585e+00
2.072500e+02 9.499212e+00
2.075000e+02 9.436649e+00
2.077500e+02 9.374881e+00
2.080000e+02 9.313892e+00
2.082500e+02 9.253667e+00
2.085000e+02 9.194189e+00
2.087500e+02 9.135445e+00
2.090000e+02 9.077421e+00
2.092500e+02 9.020102e+00
2.095000e+02 8.963475e+00
2.097500e+02 8.907526e+00
2.100000e+02 8.852244e+00
2.102500e+02 8.797616e+00
2.105000e+02 8.743629e+00
2.107500e+02 8.690272e+00
2.110000e+02 8.637533e+00
2.112500e+02 8.585401e+00
2.115000e+02 8.533865e+00
2.117500e+02 8.482914e+00
2.120000e+02 8.432539e+00
2.122500e+02 8.382728e+00
2.125000e+02 8.333473e+00
2.127500e+02 8.284762e+00
2.130000e+02 8.236588e+00
2.132500e+02 8.188941e+00
2.135000e+02 8.141811e+00
2.137500e+02 8.095191e+00
2.140000e+02 8.049071e+00
2.142500e+02 8.003443e+00
2.145000e+02 7.958299e+00
2.147500e+02 7.913632e+00
2.150000e+02 7.869432e+00
2.152500e+02 7.825693e+00
2.155000e+02 7.782408e+00
2.157500e+02 7.739568e+00
2.160000e+02 7.697167e+00
2.162500e+02 7.655198e+00
2.165000e+02 7.613654e+00
2.167500e+02 7.572529e+00
2.170000e+02 7.531815e+00
2.172500e+02 7.491507e+00
2.175000e+02 7.451599e+00
2.177500e+02 7.412083e+00
2.180000e+02 7.372955e+00
2.182500e+02 7.334208e+00
2.185000e+02 7.295837e+00
2.187500e+02 7.257836e+00
2.190000e+02 7.220200e+00
2.192500e+02 7.182922e+00
2.195000e+02 7.145999e+00
2.197500e+02 7.109424e+00
2.200000e+02 7.073194e+00
2.202500e+02 7.037302e+00
2.205000e+02 7.001744e+00
2.207500e+02 6.966515e+00
2.210000e+02 6.931610e+00
2.212500e+02 6.897026e+00
2.215000e+02 6.862756e+00
2.217500e+02 6.828798e+00
2.220000e+02 6.795147e+00
2.222500e+02 6.761798e+00
2.225000e+02 6.728747e+00
2.227500e+02 6.695991e+00
2.230000e+02 6.663524e+00
2.232500e+02 6.631344e+00
2.235000e+02 6.599447e+00
2.237500e+02 6.567828e+00
2.240000e+02 6.536484e+00
2.242500e+02 6.505412e+00
2.245000e+02 6.474607e+00
2.247500e+02 6.444067e+00
2.250000e+02 6.413787e+00
2.252500e+02 6.383765e+00
2.255000e+02 6.353997e+00
2.257500e+02 6.324479e+00
2.260000e+02 6.295209e+00
2.262500e+02 6.266184e+00
2.265000e+02 6.237400e+00
2.267500e+02 6.208854e+00
2.270000e+02 6.180544e+00
2.272500e+02 6.152466e+00
2.275000e+02 6.124617e+00
2.277500e+02 6.096995e+00
2.280000e+02 6.069597e+00
2.282500e+02 6.042420e+00
2.285000e+02 6.015461e+00
2.287500e+02 5.988719e+00
2.290000e+02 5.962189e+00
2.292500e+02 5.935870e+00
2.295000e+02 5.909759e+00
2.297500e+02 5.883853e+00
2.300000e+02 5.858150e+00
2.302500e+02 5.832649e+00
2.305000e+02 5.807345e+00
2.307500e+02 5.782238e+00
2.310000e+02 5.757324e+00
2.312500e+02 5.732602e+00
2.315000e+02 5.708069e+00
2.317500e+02 5.683723e+00
2.320000e+02 5.659562e+00
2.322500e+02 5.635584e+00
2.325000e+02 5.611786e+00
2.327500e+02 5.588167e+00
2.330000e+02 5.564725e+00
2.332500e+02 5.541458e+00
2.335000e+02 5.518363e+00
2.337500e+02 5.495439e+00
2.340000e+02 5.472684e+00
2.342500e+02 5.450096e+00
2.345000e+02 5.427673e+00
2.347500e+02 5.405414e+00
2.350000e+02 5.383316e+00
2.352500e+02 5.361378e+00
2.355000e+02 5.339598e+00
2.357500e+02 5.317974e+00
2.360000e+02 5.296505e+00
2.362500e+02 5.275189e+00
2.365000e+02 5.254025e+00
2.367500e+02 5.233010e+00
2.370000e+02 5.212143e+00
2.372500e+02 5.191424e+00
2.375000e+02 5.170849e+00
2.377500e+02 5.150418e+00
2.380000e+02 5.130129e+00
2.382500e+02 5.109980e+00
2.385000e+02 5.089971e+00
2.387500e+02 5.070099e+00
2.390000e+02 5.050364e+00
2.392500e+02 5.030764e+00
2.395000e+02 5.011297e+00
2.397500e+02 4.991962e+00
2.400000e+02 4.972759e+00
2.402500e+02 4.953684e+00
2.405000e+02 4.934738e+00
2.407500e+02 4.915919e+00
2.410000e+02 4.897226e+00
2.412500e+02 4.878657e+00
2.415000e+02 4.860211e+00
2.417500e+02 4.841887e+00
2.420000e+02 4.823684e+00
2.422500e+02 4.805600e+00
2.425000e+02 4.787635e+00
2.427500e+02 4.769787e+00
2.430000e+02 4.752055e+00
2.432500e+02 4.734438e+00
2.435000e+02 4.716935e+00
2.437500e+02 4.699545e+00
2.440000e+02 4.682267e+00
2.442500e+02 4.665099e+00
2.445000e+02 4.648041e+00
2.447500e+02 4.631091e+00
2.450000e+02 4.614249e+00
2.452500e+02 4.597513e+00
2.455000e+02 4.580883e+00
2.457500e+02 4.564357e+00
2.460000e+02 4.547935e+00
2.462500e+02 4.531616e+00
2.465000e+02 4.515398e+00
2.467500e+02 4.499281e+00
2.470000e+02 4.483264e+00
2.472500e+02 4.467345e+00
2.475000e+02 4.451525e+00
2.477500e+02 4.435802e+00
2.480000e+02 4.420174e+00
2.482500e+02 4.404642e+00
2.485000e+02 4.389205e+00
2.487500e+02 4.373861e+00
2.490000e+02 4.358610e+00
2.492500e+02 4.343451e+00
2.495000e+02 4.328383e+00
2.497500e+02 4.313405e+00
