0.000000e+00 0.000000e+00
6.250000e-01 -6.806615e-03
1.250000e+00 -1.378557e-02
1.875000e+00 -2.093678e-02
2.500000e+00 -2.826010e-02
3.125000e+00 -3.575531e-02
3.750000e+00 -4.342216e-02
4.375000e+00 -5.126032e-02
5.000000e+00 -5.926940e-02
5.625000e+00 -6.744898e-02
6.250000e+00 -7.579853e-02
6.875000e+00 -8.431751e-02
7.500000e+00 -9.300530e-02
8.125000e+00 -1.018612e-01
8.750000e+00 -1.108845e-01
9.375000e+00 -1.200744e-01
1.000000e+01 -1.294301e-01
1.062500e+01 -1.389505e-01
1.125000e+01 -1.486349e-01
1.187500e+01 -1.584820e-01
1.250000e+01 -1.684909e-01
1.312500e+01 -1.786604e-01
1.375000e+01 -1.889893e-01
1.437500e+01 -1.994762e-01
1.500000e+01 -2.101200e-01
1.562500e+01 -2.209192e-01
1.625000e+01 -2.318723e-01
1.687500e+01 -2.429779e-01
1.750000e+01 -2.542343e-01
1.812500e+01 -2.656401e-01
1.875000e+01 -2.771934e-01
1.937500e+01 -2.888926e-01
2.000000e+01 -3.007359e-01
2.062500e+01 -3.127213e-01
2.125000e+01 -3.248471e-01
2.187500e+01 -3.371111e-01
2.250000e+01 -3.495115e-01
2.312500e+01 -3.620460e-01
2.375000e+01 -3.747126e-01
2.437500e+01 -3.875090e-01
2.500000e+01 -4.004330e-01
2.562500e+01 -4.134822e-01
2.625000e+01 -4.266543e-01
2.687500e+01 -4.399467e-01
2.750000e+01 -4.533571e-01
2.812500e+01 -4.668828e-01
2.875000e+01 -4.805212e-01
2.937500e+01 -4.942697e-01
3.000000e+01 -5.081254e-01
3.062500e+01 -5.220857e-01
3.125000e+01 -5.361476e-01
3.187500e+01 -5.503082e-01
3.250000e+01 -5.645645e-01
3.312500e+01 -5.789136e-01
3.375000e+01 -5.933523e-01
3.437500e+01 -6.078774e-01
3.500000e+01 -6.224858e-01
3.562500e+01 -6.371742e-01
3.625000e+01 -6.519393e-01
3.687500e+01 -6.667776e-01
3.750000e+01 -6.816858e-01
3.812500e+01 -6.966602e-01
3.875000e+01 -7.116974e-01
3.937500e+01 -7.267938e-01
4.000000e+01 -7.419456e-01
4.062500e+01 -7.571491e-01
4.125000e+01 -7.724005e-01
4.187500e+01 -7.876959e-01
4.250000e+01 -8.030315e-01
4.312500e+01 -8.184032e-01
4.375000e+01 -8.338070e-01
4.437500e+01 -8.492389e-01
4.500000e+01 -8.646946e-01
4.562500e+01 -8.801700e-01
4.625000e+01 -8.956608e-01
4.687500e+01 -9.111626e-01
4.750000e+01 -9.266710e-01
4.812500e+01 -9.421817e-01
4.875000e+01 -9.576901e-01
4.937500e+01 -9.731916e-01
5.000000e+01 -9.886817e-01
5.062500e+01 -1.004156e+00
5.125000e+01 -1.019609e+00
5.187500e+01 -1.035036e+00
5.250000e+01 -1.050432e+00
5.312500e+01 -1.065794e+00
5.375000e+01 -1.081114e+00
5.437500e+01 -1.096390e+00
5.500000e+01 -1.111614e+00
5.562500e+01 -1.126783e+00
5.625000e+01 -1.141891e+00
5.687500e+01 -1.156932e+00
5.750000e+01 -1.171902e+00
5.812500e+01 -1.186795e+00
5.875000e+01 -1.201606e+00
5.937500e+01 -1.216329e+00
6.000000e+01 -1.230958e+00
6.062500e+01 -1.245488e+00
6.125000e+01 -1.259913e+00
6.187500e+01 -1.274228e+00
6.250000e+01 -1.288426e+00
6.312500e+01 -1.302502e+00
6.375000e+01 -1.316450e+00
6.437500e+01 -1.330264e+00
6.500000e+01 -1.343938e+00
6.562500e+01 -1.357465e+00
6.625000e+01 -1.370840e+00
6.687500e+01 -1.384057e+00
6.750000e+01 -1.397108e+00
6.812500e+01 -1.409988e+00
6.875000e+01 -1.422691e+00
6.937500e+01 -1.435209e+00
7.000000e+01 -1.447537e+00
7.062500e+01 -1.459668e+00
7.125000e+01 -1.471595e+00
7.187500e+01 -1.483311e+00
7.250000e+01 -1.494811e+00
7.312500e+01 -1.506086e+00
7.375000e+01 -1.517130e+00
7.437500e+01 -1.527937e+00
7.500000e+01 -1.538498e+00
7.562500e+01 -1.548808e+00
7.625000e+01 -1.558859e+00
7.687500e+01 -1.568644e+00
7.750000e+01 -1.578155e+00
7.812500e+01 -1.587386e+00
7.875000e+01 -1.596329e+00
7.937500e+01 -1.604977e+00
8.000000e+01 -1.613321e+00
8.062500e+01 -1.621356e+00
8.125000e+01 -1.629073e+00
8.187500e+01 -1.636464e+00
8.250000e+01 -1.643522e+00
8.312500e+01 -1.650239e+00
8.375000e+01 -1.656607e+00
8.437500e+01 -1.662619e+00
8.500000e+01 -1.668266e+00
8.562500e+01 -1.673541e+00
8.625000e+01 -1.678435e+00
8.687500e+01 -1.682940e+00
8.750000e+01 -1.687049e+00
8.812500e+01 -1.690753e+00
8.875000e+01 -1.694043e+00
8.937500e+01 -1.696912e+00
9.000000e+01 -1.699350e+00
9.062500e+01 -1.701350e+00
9.125000e+01 -1.702904e+00
9.187500e+01 -1.704001e+00
9.250000e+01 -1.704634e+00
9.312500e+01 -1.704795e+00
9.375000e+01 -1.704474e+00
9.437500e+01 -1.703662e+00
9.500000e+01 -1.702351e+00
9.562500e+01 -1.700532e+00
9.625000e+01 -1.698195e+00
9.687500e+01 -1.695332e+00
9.750000e+01 -1.691934e+00
9.812500e+01 -1.687991e+00
9.875000e+01 -1.683495e+00
9.937500e+01 -1.678435e+00
1.000000e+02 -1.672803e+00
1.006250e+02 -1.666589e+00
1.012500e+02 -1.659784e+00
1.018750e+02 -1.652379e+00
1.025000e+02 -1.644362e+00
1.031250e+02 -1.635726e+00
1.037500e+02 -1.626461e+00
1.043750e+02 -1.616555e+00
1.050000e+02 -1.606001e+00
1.056250e+02 -1.594788e+00
1.062500e+02 -1.582905e+00
1.068750e+02 -1.570344e+00
1.075000e+02 -1.557093e+00
1.081250e+02 -1.543143e+00
1.087500e+02 -1.528484e+00
1.093750e+02 -1.513106e+00
1.100000e+02 -1.496998e+00
1.106250e+02 -1.480149e+00
1.112500e+02 -1.462550e+00
1.118750e+02 -1.444190e+00
1.125000e+02 -1.425058e+00
1.131250e+02 -1.405144e+00
1.137500e+02 -1.384438e+00
1.143750e+02 -1.362928e+00
1.150000e+02 -1.340604e+00
1.156250e+02 -1.317455e+00
1.162500e+02 -1.293470e+00
1.168750e+02 -1.268638e+00
1.175000e+02 -1.242948e+00
1.181250e+02 -1.216390e+00
1.187500e+02 -1.188951e+00
1.193750e+02 -1.160622e+00
1.200000e+02 -1.131390e+00
1.206250e+02 -1.101244e+00
1.212500e+02 -1.070174e+00
1.218750e+02 -1.038167e+00
1.225000e+02 -1.005213e+00
1.231250e+02 -9.712986e-01
1.237500e+02 -9.364138e-01
1.243750e+02 -9.005463e-01
