0.000000e+00 0.000000e+00
6.250000e-01 -6.613890e-03
1.250000e+00 -1.301515e-02
1.875000e+00 -1.920492e-02
2.500000e+00 -2.518486e-02
3.125000e+00 -3.095703e-02
3.750000e+00 -3.652385e-02
4.375000e+00 -4.188805e-02
5.000000e+00 -4.705261e-02
5.625000e+00 -5.202075e-02
6.250000e+00 -5.679589e-02
6.875000e+00 -6.138163e-02
7.500000e+00 -6.578172e-02
8.125000e+00 -7.000004e-02
8.750000e+00 -7.404061e-02
9.375000e+00 -7.790753e-02
1.000000e+01 -8.160498e-02
1.062500e+01 -8.513725e-02
1.125000e+01 -8.850865e-02
1.187500e+01 -9.172355e-02
1.250000e+01 -9.478636e-02
1.312500e+01 -9.770152e-02
1.375000e+01 -1.004735e-01
1.437500e+01 -1.031067e-01
1.500000e+01 -1.056056e-01
1.562500e+01 -1.079746e-01
1.625000e+01 -1.102183e-01
1.687500e+01 -1.123409e-01
1.750000e+01 -1.143469e-01
1.812500e+01 -1.162406e-01
1.875000e+01 -1.180262e-01
1.937500e+01 -1.197081e-01
2.000000e+01 -1.212904e-01
2.062500e+01 -1.227772e-01
2.125000e+01 -1.241727e-01
2.187500e+01 -1.254807e-01
2.250000e+01 -1.267052e-01
2.312500e+01 -1.278501e-01
2.375000e+01 -1.289191e-01
2.437500e+01 -1.299159e-01
2.500000e+01 -1.308441e-01
2.562500e+01 -1.317071e-01
2.625000e+01 -1.325084e-01
2.687500e+01 -1.332513e-01
2.750000e+01 -1.339389e-01
2.812500e+01 -1.345744e-01
2.875000e+01 -1.351608e-01
2.937500e+01 -1.357008e-01
3.000000e+01 -1.361974e-01
3.062500e+01 -1.366532e-01
3.125000e+01 -1.370707e-01
3.187500e+01 -1.374523e-01
3.250000e+01 -1.378004e-01
3.312500e+01 -1.381171e-01
3.375000e+01 -1.384046e-01
3.437500e+01 -1.386648e-01
3.500000e+01 -1.388994e-01
3.562500e+01 -1.391103e-01
3.625000e+01 -1.392989e-01
3.687500e+01 -1.394669e-01
3.750000e+01 -1.396154e-01
3.812500e+01 -1.397456e-01
3.875000e+01 -1.398588e-01
3.937500e+01 -1.399557e-01
4.000000e+01 -1.400372e-01
4.062500e+01 -1.401041e-01
4.125000e+01 -1.401567e-01
4.187500e+01 -1.401957e-01
4.250000e+01 -1.402212e-01
4.312500e+01 -1.402335e-01
4.375000e+01 -1.402326e-01
4.437500e+01 -1.402183e-01
4.500000e+01 -1.401905e-01
4.562500e+01 -1.401487e-01
4.625000e+01 -1.400926e-01
4.687500e+01 -1.400214e-01
4.750000e+01 -1.399344e-01
4.812500e+01 -1.398308e-01
4.875000e+01 -1.397096e-01
4.937500e+01 -1.395695e-01
5.000000e+01 -1.394093e-01
5.062500e+01 -1.392277e-01
5.125000e+01 -1.390231e-01
5.187500e+01 -1.387938e-01
5.250000e+01 -1.385380e-01
5.312500e+01 -1.382539e-01
5.375000e+01 -1.379394e-01
5.437500e+01 -1.375923e-01
5.500000e+01 -1.372104e-01
5.562500e+01 -1.367912e-01
5.625000e+01 -1.363322e-01
5.687500e+01 -1.358307e-01
5.750000e+01 -1.352840e-01
5.812500e+01 -1.346891e-01
5.875000e+01 -1.340430e-01
5.937500e+01 -1.333425e-01
6.000000e+01 -1.325844e-01
6.062500e+01 -1.317653e-01
6.125000e+01 -1.308816e-01
6.187500e+01 -1.299298e-01
6.250000e+01 -1.289060e-01
6.312500e+01 -1.278065e-01
6.375000e+01 -1.266272e-01
6.437500e+01 -1.253640e-01
6.500000e+01 -1.240127e-01
6.562500e+01 -1.225690e-01
6.625000e+01 -1.210285e-01
6.687500e+01 -1.193865e-01
6.750000e+01 -1.176385e-01
6.812500e+01 -1.157797e-01
6.875000e+01 -1.138051e-01
6.937500e+01 -1.117098e-01
7.000000e+01 -1.094887e-01
7.062500e+01 -1.071365e-01
7.125000e+01 -1.046479e-01
7.187500e+01 -1.020176e-01
7.250000e+01 -9.923999e-02
7.312500e+01 -9.630942e-02
7.375000e+01 -9.322016e-02
7.437500e+01 -8.996639e-02
7.500000e+01 -8.654214e-02
7.562500e+01 -8.294139e-02
7.625000e+01 -7.915798e-02
7.687500e+01 -7.518567e-02
7.750000e+01 -7.101811e-02
7.812500e+01 -6.664888e-02
7.875000e+01 -6.207141e-02
7.937500e+01 -5.727909e-02
8.000000e+01 -5.226517e-02
8.062500e+01 -4.702282e-02
8.125000e+01 -4.154513e-02
8.187500e+01 -3.582508e-02
8.250000e+01 -2.985556e-02
8.312500e+01 -2.362937e-02
8.375000e+01 -1.713920e-02
8.437500e+01 -1.037769e-02
8.500000e+01 -3.337341e-03
8.562500e+01 3.989397e-03
8.625000e+01 1.161018e-02
8.687500e+01 1.953276e-02
8.750000e+01 2.776495e-02
8.812500e+01 3.631469e-02
8.875000e+01 4.518996e-02
8.937500e+01 5.439887e-02
9.000000e+01 6.394958e-02
9.062500e+01 7.385035e-02
9.125000e+01 8.410953e-02
9.187500e+01 9.473555e-02
9.250000e+01 1.057369e-01
9.312500e+01 1.171222e-01
9.375000e+01 1.289001e-01
9.437500e+01 1.410793e-01
9.500000e+01 1.536688e-01
9.562500e+01 1.666773e-01
9.625000e+01 1.801140e-01
9.687500e+01 1.939878e-01
9.750000e+01 2.083079e-01
9.812500e+01 2.230836e-01
9.875000e+01 2.383242e-01
9.937500e+01 2.540389e-01
1.000000e+02 2.702374e-01
1.006250e+02 2.869291e-01
1.012500e+02 3.041236e-01
1.018750e+02 3.218307e-01
1.025000e+02 3.400600e-01
1.031250e+02 3.588214e-01
1.037500e+02 3.781248e-01
1.043750e+02 3.979802e-01
1.050000e+02 4.183977e-01
1.056250e+02 4.393873e-01
1.062500e+02 4.609593e-01
1.068750e+02 4.831239e-01
1.075000e+02 5.058914e-01
1.081250e+02 5.292723e-01
1.087500e+02 5.532770e-01
1.093750e+02 5.779162e-01
1.100000e+02 6.032003e-01
1.106250e+02 6.291401e-01
1.112500e+02 6.557463e-01
1.118750e+02 6.830298e-01
1.125000e+02 7.110014e-01
1.131250e+02 7.396722e-01
1.137500e+02 7.690530e-01
1.143750e+02 7.991551e-01
1.150000e+02 8.299896e-01
1.156250e+02 8.615676e-01
1.162500e+02 8.939006e-01
1.168750e+02 9.269997e-01
1.175000e+02 9.608766e-01
1.181250e+02 9.955426e-01
1.187500e+02 1.031009e+00
1.193750e+02 1.067288e+00
1.200000e+02 1.104391e+00
1.206250e+02 1.142330e+00
1.212500e+02 1.181116e+00
1.218750e+02 1.220762e+00
1.225000e+02 1.261279e+00
1.231250e+02 1.302679e+00
1.237500e+02 1.344975e+00
1.243750e+02 1.388179e+00
