0.000000e+00 0.000000e+00
6.250000e-01 -6.505457e-03
1.250000e+00 -1.258144e-02
1.875000e+00 -1.822917e-02
2.500000e+00 -2.345041e-02
3.125000e+00 -2.824740e-02
3.750000e+00 -3.262278e-02
4.375000e+00 -3.657954e-02
5.000000e+00 -4.012096e-02
5.625000e+00 -4.325064e-02
6.250000e+00 -4.597238e-02
6.875000e+00 -4.829025e-02
7.500000e+00 -5.020849e-02
8.125000e+00 -5.173154e-02
8.750000e+00 -5.286400e-02
9.375000e+00 -5.361061e-02
1.000000e+01 -5.397625e-02
1.062500e+01 -5.396591e-02
1.125000e+01 -5.358469e-02
1.187500e+01 -5.283779e-02
1.250000e+01 -5.173047e-02
1.312500e+01 -5.026807e-02
1.375000e+01 -4.845599e-02
1.437500e+01 -4.629968e-02
1.500000e+01 -4.380463e-02
1.562500e+01 -4.097637e-02
1.625000e+01 -3.782043e-02
1.687500e+01 -3.434238e-02
1.750000e+01 -3.054778e-02
1.812500e+01 -2.644222e-02
1.875000e+01 -2.203125e-02
1.937500e+01 -1.732044e-02
2.000000e+01 -1.231532e-02
2.062500e+01 -7.021397e-03
2.125000e+01 -1.444171e-03
2.187500e+01 4.410910e-03
2.250000e+01 1.053843e-02
2.312500e+01 1.693303e-02
2.375000e+01 2.358937e-02
2.437500e+01 3.050219e-02
2.500000e+01 3.766628e-02
2.562500e+01 4.507649e-02
2.625000e+01 5.272773e-02
2.687500e+01 6.061499e-02
2.750000e+01 6.873331e-02
2.812500e+01 7.707782e-02
2.875000e+01 8.564374e-02
2.937500e+01 9.442636e-02
3.000000e+01 1.034210e-01
3.062500e+01 1.126233e-01
3.125000e+01 1.220285e-01
3.187500e+01 1.316326e-01
3.250000e+01 1.414311e-01
3.312500e+01 1.514198e-01
3.375000e+01 1.615949e-01
3.437500e+01 1.719522e-01
3.500000e+01 1.824879e-01
3.562500e+01 1.931983e-01
3.625000e+01 2.040797e-01
3.687500e+01 2.151286e-01
3.750000e+01 2.263416e-01
3.812500e+01 2.377153e-01
3.875000e+01 2.492466e-01
3.937500e+01 2.609324e-01
4.000000e+01 2.727696e-01
4.062500e+01 2.847556e-01
4.125000e+01 2.968874e-01
4.187500e+01 3.091626e-01
4.250000e+01 3.215787e-01
4.312500e+01 3.341332e-01
4.375000e+01 3.468239e-01
4.437500e+01 3.596488e-01
4.500000e+01 3.726058e-01
4.562500e+01 3.856930e-01
4.625000e+01 3.989088e-01
4.687500e+01 4.122515e-01
4.750000e+01 4.257196e-01
4.812500e+01 4.393118e-01
4.875000e+01 4.530268e-01
4.937500e+01 4.668636e-01
5.000000e+01 4.808211e-01
5.062500e+01 4.948986e-01
5.125000e+01 5.090952e-01
5.187500e+01 5.234105e-01
5.250000e+01 5.378440e-01
5.312500e+01 5.523954e-01
5.375000e+01 5.670644e-01
5.437500e+01 5.818511e-01
5.500000e+01 5.967554e-01
5.562500e+01 6.117777e-01
5.625000e+01 6.269181e-01
5.687500e+01 6.421773e-01
5.750000e+01 6.575558e-01
5.812500e+01 6.730542e-01
5.875000e+01 6.886736e-01
5.937500e+01 7.044148e-01
6.000000e+01 7.202790e-01
6.062500e+01 7.362674e-01
6.125000e+01 7.523814e-01
6.187500e+01 7.686226e-01
6.250000e+01 7.849925e-01
6.312500e+01 8.014929e-01
6.375000e+01 8.181257e-01
6.437500e+01 8.348929e-01
6.500000e+01 8.517968e-01
6.562500e+01 8.688394e-01
6.625000e+01 8.860234e-01
6.687500e+01 9.033512e-01
6.750000e+01 9.208254e-01
6.812500e+01 9.384488e-01
6.875000e+01 9.562244e-01
6.937500e+01 9.741552e-01
7.000000e+01 9.922444e-01
7.062500e+01 1.010495e+00
7.125000e+01 1.028911e+00
7.187500e+01 1.047495e+00
7.250000e+01 1.066252e+00
7.312500e+01 1.085185e+00
7.375000e+01 1.104297e+00
7.437500e+01 1.123593e+00
7.500000e+01 1.143078e+00
7.562500e+01 1.162755e+00
7.625000e+01 1.182628e+00
7.687500e+01 1.202703e+00
7.750000e+01 1.222983e+00
7.812500e+01 1.243474e+00
7.875000e+01 1.264180e+00
7.937500e+01 1.285107e+00
8.000000e+01 1.306259e+00
8.062500e+01 1.327642e+00
8.125000e+01 1.349261e+00
8.187500e+01 1.371121e+00
8.250000e+01 1.393227e+00
8.312500e+01 1.415587e+00
8.375000e+01 1.438205e+00
8.437500e+01 1.461086e+00
8.500000e+01 1.484238e+00
8.562500e+01 1.507667e+00
8.625000e+01 1.531377e+00
8.687500e+01 1.555377e+00
8.750000e+01 1.579672e+00
8.812500e+01 1.604268e+00
8.875000e+01 1.629173e+00
8.937500e+01 1.654392e+00
9.000000e+01 1.679934e+00
9.062500e+01 1.705805e+00
9.125000e+01 1.732011e+00
9.187500e+01 1.758561e+00
9.250000e+01 1.785461e+00
9.312500e+01 1.812718e+00
9.375000e+01 1.840341e+00
9.437500e+01 1.868337e+00
9.500000e+01 1.896713e+00
9.562500e+01 1.925477e+00
9.625000e+01 1.954637e+00
9.687500e+01 1.984202e+00
9.750000e+01 2.014178e+00
9.812500e+01 2.044575e+00
9.875000e+01 2.075400e+00
9.937500e+01 2.106662e+00
1.000000e+02 2.138369e+00
1.006250e+02 2.170530e+00
1.012500e+02 2.203154e+00
1.018750e+02 2.236249e+00
1.025000e+02 2.269824e+00
1.031250e+02 2.303888e+00
1.037500e+02 2.338450e+00
1.043750e+02 2.373520e+00
1.050000e+02 2.409105e+00
1.056250e+02 2.445216e+00
1.062500e+02 2.481862e+00
1.068750e+02 2.519053e+00
1.075000e+02 2.556797e+00
1.081250e+02 2.595105e+00
1.087500e+02 2.633987e+00
1.093750e+02 2.673452e+00
1.100000e+02 2.713509e+00
1.106250e+02 2.754170e+00
1.112500e+02 2.795445e+00
1.118750e+02 2.837342e+00
1.125000e+02 2.879873e+00
1.131250e+02 2.923048e+00
1.137500e+02 2.966878e+00
1.143750e+02 3.011372e+00
1.150000e+02 3.056541e+00
1.156250e+02 3.102397e+00
1.162500e+02 3.148950e+00
1.168750e+02 3.196210e+00
1.175000e+02 3.244189e+00
1.181250e+02 3.292897e+00
1.187500e+02 3.342347e+00
1.193750e+02 3.392548e+00
1.200000e+02 3.443512e+00
1.206250e+02 3.495250e+00
1.212500e+02 3.547774e+00
1.218750e+02 3.601095e+00
1.225000e+02 3.655225e+00
1.231250e+02 3.710176e+00
1.237500e+02 3.765958e+00
1.243750e+02 3.822585e+00
