0.000000e+00 0.000000e+00
6.250000e-01 -6.672792e-03
1.250000e+00 -1.325073e-02
1.875000e+00 -1.973491e-02
2.500000e+00 -2.612689e-02
3.125000e+00 -3.242858e-02
3.750000e+00 -3.864224e-02
4.375000e+00 -4.477037e-02
5.000000e+00 -5.081571e-02
5.625000e+00 -5.678118e-02
6.250000e+00 -6.266988e-02
6.875000e+00 -6.848502e-02
7.500000e+00 -7.422995e-02
8.125000e+00 -7.990813e-02
8.750000e+00 -8.552307e-02
9.375000e+00 -9.107836e-02
1.000000e+01 -9.657765e-02
1.062500e+01 -1.020246e-01
1.125000e+01 -1.074229e-01
1.187500e+01 -1.127763e-01
1.250000e+01 -1.180885e-01
1.312500e+01 -1.233632e-01
1.375000e+01 -1.286041e-01
1.437500e+01 -1.338148e-01
1.500000e+01 -1.389990e-01
1.562500e+01 -1.441603e-01
1.625000e+01 -1.493022e-01
1.687500e+01 -1.544281e-01
1.750000e+01 -1.595416e-01
1.812500e+01 -1.646459e-01
1.875000e+01 -1.697444e-01
1.937500e+01 -1.748402e-01
2.000000e+01 -1.799366e-01
2.062500e+01 -1.850364e-01
2.125000e+01 -1.901427e-01
2.187500e+01 -1.952584e-01
2.250000e+01 -2.003861e-01
2.312500e+01 -2.055286e-01
2.375000e+01 -2.106884e-01
2.437500e+01 -2.158680e-01
2.500000e+01 -2.210696e-01
2.562500e+01 -2.262955e-01
2.625000e+01 -2.315479e-01
2.687500e+01 -2.368287e-01
2.750000e+01 -2.421398e-01
2.812500e+01 -2.474829e-01
2.875000e+01 -2.528597e-01
2.937500e+01 -2.582718e-01
3.000000e+01 -2.637204e-01
3.062500e+01 -2.692069e-01
3.125000e+01 -2.747324e-01
3.187500e+01 -2.802980e-01
3.250000e+01 -2.859044e-01
3.312500e+01 -2.915525e-01
3.375000e+01 -2.972428e-01
3.437500e+01 -3.029760e-01
3.500000e+01 -3.087522e-01
3.562500e+01 -3.145719e-01
3.625000e+01 -3.204350e-01
3.687500e+01 -3.263415e-01
3.750000e+01 -3.322914e-01
3.812500e+01 -3.382843e-01
3.875000e+01 -3.443197e-01
3.937500e+01 -3.503972e-01
4.000000e+01 -3.565160e-01
4.062500e+01 -3.626754e-01
4.125000e+01 -3.688744e-01
4.187500e+01 -3.751119e-01
4.250000e+01 -3.813868e-01
4.312500e+01 -3.876977e-01
4.375000e+01 -3.940431e-01
4.437500e+01 -4.004215e-01
4.500000e+01 -4.068312e-01
4.562500e+01 -4.132703e-01
4.625000e+01 -4.197369e-01
4.687500e+01 -4.262288e-01
4.750000e+01 -4.327439e-01
4.812500e+01 -4.392799e-01
4.875000e+01 -4.458342e-01
4.937500e+01 -4.524044e-01
5.000000e+01 -4.589876e-01
5.062500e+01 -4.655812e-01
5.125000e+01 -4.721821e-01
5.187500e+01 -4.787873e-01
5.250000e+01 -4.853936e-01
5.312500e+01 -4.919977e-01
5.375000e+01 -4.985963e-01
5.437500e+01 -5.051857e-01
5.500000e+01 -5.117625e-01
5.562500e+01 -5.183227e-01
5.625000e+01 -5.248626e-01
5.687500e+01 -5.313782e-01
5.750000e+01 -5.378655e-01
5.812500e+01 -5.443201e-01
5.875000e+01 -5.507379e-01
5.937500e+01 -5.571144e-01
6.000000e+01 -5.634451e-01
6.062500e+01 -5.697253e-01
6.125000e+01 -5.759505e-01
6.187500e+01 -5.821157e-01
6.250000e+01 -5.882160e-01
6.312500e+01 -5.942464e-01
6.375000e+01 -6.002018e-01
6.437500e+01 -6.060769e-01
6.500000e+01 -6.118664e-01
6.562500e+01 -6.175649e-01
6.625000e+01 -6.231669e-01
6.687500e+01 -6.286667e-01
6.750000e+01 -6.340586e-01
6.812500e+01 -6.393368e-01
6.875000e+01 -6.444955e-01
6.937500e+01 -6.495286e-01
7.000000e+01 -6.544300e-01
7.062500e+01 -6.591936e-01
7.125000e+01 -6.638130e-01
7.187500e+01 -6.682820e-01
7.250000e+01 -6.725941e-01
7.312500e+01 -6.767428e-01
7.375000e+01 -6.807214e-01
7.437500e+01 -6.845232e-01
7.500000e+01 -6.881415e-01
7.562500e+01 -6.915693e-01
7.625000e+01 -6.947998e-01
7.687500e+01 -6.978258e-01
7.750000e+01 -7.006402e-01
7.812500e+01 -7.032359e-01
7.875000e+01 -7.056056e-01
7.937500e+01 -7.077418e-01
8.000000e+01 -7.096371e-01
8.062500e+01 -7.112841e-01
8.125000e+01 -7.126750e-01
8.187500e+01 -7.138023e-01
8.250000e+01 -7.146581e-01
8.312500e+01 -7.152347e-01
8.375000e+01 -7.155240e-01
8.437500e+01 -7.155182e-01
8.500000e+01 -7.152091e-01
8.562500e+01 -7.145886e-01
8.625000e+01 -7.136486e-01
8.687500e+01 -7.123806e-01
8.750000e+01 -7.107764e-01
8.812500e+01 -7.088276e-01
8.875000e+01 -7.065256e-01
8.937500e+01 -7.038619e-01
9.000000e+01 -7.008277e-01
9.062500e+01 -6.974145e-01
9.125000e+01 -6.936134e-01
9.187500e+01 -6.894156e-01
9.250000e+01 -6.848122e-01
9.312500e+01 -6.797941e-01
9.375000e+01 -6.743523e-01
9.437500e+01 -6.684777e-01
9.500000e+01 -6.621610e-01
9.562500e+01 -6.553931e-01
9.625000e+01 -6.481646e-01
9.687500e+01 -6.404662e-01
9.750000e+01 -6.322883e-01
9.812500e+01 -6.236214e-01
9.875000e+01 -6.144559e-01
9.937500e+01 -6.047823e-01
1.000000e+02 -5.945907e-01
1.006250e+02 -5.838714e-01
1.012500e+02 -5.726146e-01
1.018750e+02 -5.608103e-01
1.025000e+02 -5.484486e-01
1.031250e+02 -5.355195e-01
1.037500e+02 -5.220127e-01
1.043750e+02 -5.079183e-01
1.050000e+02 -4.932259e-01
1.056250e+02 -4.779253e-01
1.062500e+02 -4.620061e-01
1.068750e+02 -4.454580e-01
1.075000e+02 -4.282704e-01
1.081250e+02 -4.104328e-01
1.087500e+02 -3.919347e-01
1.093750e+02 -3.727654e-01
1.100000e+02 -3.529141e-01
1.106250e+02 -3.323702e-01
1.112500e+02 -3.111227e-01
1.118750e+02 -2.891608e-01
1.125000e+02 -2.664736e-01
1.131250e+02 -2.430500e-01
1.137500e+02 -2.188790e-01
1.143750e+02 -1.939494e-01
1.150000e+02 -1.682501e-01
1.156250e+02 -1.417697e-01
1.162500e+02 -1.144971e-01
1.168750e+02 -8.642082e-02
1.175000e+02 -5.752946e-02
1.181250e+02 -2.781154e-02
1.187500e+02 2.744479e-03
1.193750e+02 3.415018e-02
1.200000e+02 6.641723e-02
1.206250e+02 9.955732e-02
1.212500e+02 1.335822e-01
1.218750e+02 1.685038e-01
1.225000e+02 2.043339e-01
1.231250e+02 2.410844e-01
1.237500e+02 2.787675e-01
1.243750e+02 3.173950e-01
