0.	2.
0.0025	1.9999937499609373
0.005	1.9999749993749842
0.0075	1.9999437468357595
0.01	1.999899989999
0.0125	1.9998437255821222
0.015	1.9997749493636068
0.0175	1.9996936561822058
0.02	1.9995998399359745
0.0225	1.9994934935811255
0.025	1.9993746091307067
0.0275	1.9992431776531001
0.03	1.9990991892703434
0.0325	1.9989426331562714
0.035	1.9987734975344797
0.0375	1.998591769676107
0.04	1.998397435897436
0.0425	1.9981904815573128
0.045	1.997970891054385
0.0475	1.9977386478241532
0.05	1.9974937343358397
0.0525	1.9972361320890706
0.055	1.9969658216103714
0.0575	1.9966827824494737
0.06	1.9963869931754314
0.0625	1.996078431372549
0.065	1.9957570736361125
0.0675	1.9954228955679314
0.07	1.9950758717716812
0.0725	1.9947159758480513
0.075	1.994343180389692
0.0775	1.993957456975962
0.08	1.9935587761674718
0.0825	1.9931471075004248
0.085	1.9927224194807485
0.08750000000000001	1.9922846795780191
0.09	1.9918338542191754
0.0925	1.991369908782016
0.095	1.9908928075884862
0.0975	1.9904025138977404
0.1	1.9898989898989898
0.10250000000000001	1.9893821967041225
0.105	1.9888520943400996
0.1075	1.9883086417411209
0.11	1.9877517967405607
0.1125	1.987181516062668
0.115	1.986597755314028
0.11750000000000001	1.986000468974783
0.12	1.9853896103896105
0.1225	1.9847651317584503
0.125	1.9841269841269842
0.1275	1.9834751173768577
0.13	1.9828094802156444
0.1325	1.9821300201665488
0.135	1.9814366835578416
0.1375	1.980729415512024
0.14	1.9800081599347206
0.14250000000000002	1.9792728595032887
0.145	1.9785234556551496
0.1475	1.9777598885758279
0.15	1.9769820971867007
0.1525	1.976190019132449
0.155	1.9753835907682062
0.1575	1.9745627471464005
0.16	1.973727422003284
0.1625	1.9728775477451452
0.165	1.972013055434196
0.1675	1.9711338747741318
0.17	1.9702399340953558
0.17250000000000001	1.969331160339863
0.17500000000000002	1.9684074790457768
0.1775	1.9674688143315329
0.18	1.9665150888797023
0.1825	1.9655462239204504
0.185	1.9645621392146204
0.1875	1.9635627530364372
0.19	1.9625479821558254
0.1925	1.9615177418203296
0.195	1.9604719457366355
0.1975	1.9594105060516782
0.2	1.9583333333333333
0.2025	1.9572403365506814
0.20500000000000002	1.9561314230538376
0.20750000000000002	1.955006498553337
0.21	1.953865467099069
0.2125	1.9527082310587465
0.215	1.9515346910959084
0.2175	1.9503447461474372
0.22	1.9491382934005885
0.2225	1.9479152282695178
0.225	1.9466754443712968
0.2275	1.9454188335014073
0.23	1.9441452856087003
0.2325	1.9428546887698133
0.23500000000000001	1.9415469291630283
0.23750000000000002	1.9402218910415632
0.24	1.938879456706282
0.2425	1.9375195064778108
0.245	1.9361419186680497
0.2475	1.9347465695510622
0.25	1.9333333333333333
0.2525	1.9319020821233788
0.255	1.9304526859006925
0.2575	1.9289850124840184
0.26	1.9274989274989276
0.2625	1.9259942943446888
0.265	1.9244709741604151
0.2675	1.9229288257904693
0.27	1.92136770574911
0.2725	1.9197874681843652
0.275	1.9181879648411089
0.2775	1.9165690450233275
0.28	1.9149305555555556
0.28250000000000003	1.9132723407434575
0.28500000000000003	1.911594242333542
0.28750000000000003	1.909896099471981
0.29	1.9081777486625178
0.2925	1.9064390237234383
0.295	1.9046797557435855
0.2975	1.9028997730373904
0.3	1.9010989010989012
0.3025	1.899276962554778
0.305	1.897433777116238
0.3075	1.8955691615299128
0.31	1.8936829295276028
0.3125	1.8917748917748918
0.315	1.8898448558186007
0.3175	1.8878926260330435
0.32	1.8859180035650622
0.3225	1.883920786277806
0.325	1.8819007686932216
0.3275	1.8798577419332254
0.33	1.877791493659522
0.3325	1.87570180801203
0.335	1.8735884655458872
0.3375	1.87145124316699
0.34	1.8692899140660335
0.3425	1.8671042476510114
0.34500000000000003	1.864894009478135
0.34750000000000003	1.8626589611811286
0.35000000000000003	1.8603988603988604
0.3525	1.858113460701261
0.355	1.855802511513487
0.3575	1.8534657580382798
0.36	1.8511029411764706
0.3625	1.8487137974455838
0.365	1.8462980588964841
0.3675	1.843855453028015
0.37	1.8413857026995712
0.3725	1.8388885260415533
0.375	1.8363636363636364
0.3775	1.833810742060802
0.38	1.831229546517064
0.3825	1.8286197480068234
0.385	1.8259810395937894
0.3875	1.8233131090273949
0.39	1.8206156386366317
0.3925	1.8178883052212396
0.395	1.815130779940164
0.3975	1.8123427281972104
0.4	1.8095238095238095
0.4025	1.8066736774588115
0.405	1.803791979425222
0.40750000000000003	1.8008783566037878
0.41000000000000003	1.7979324438033417
0.41250000000000003	1.7949538693278102
0.41500000000000004	1.7919422548397812
0.4175	1.7888972152205342
0.42	1.7858183584264207
0.4225	1.7827052853414893
0.425	1.7795575896262394
0.4275	1.776374857562386
0.43	1.77315666789351
0.4325	1.7699025916614772
0.435	1.7666121920384816
0.4375	1.7632850241545894
0.44	1.7599206349206349
0.4425	1.7565185628463291
0.445	1.7530783378534243
0.4475	1.7495994810837847
0.45	1.7460815047021943
0.4525	1.7425239116937417
0.455	1.7389261956556008
0.4575	1.7352878405830323
0.46	1.7316083206494166
0.4625	1.7278870999801232
0.465	1.7241236324200184
0.4675	1.720317361294399
0.47000000000000003	1.7164677191631368
0.47250000000000003	1.712574127567811
0.47500000000000003	1.70863599677159
0.47750000000000004	1.7046527254916248
0.48	1.7006237006237008
0.4825	1.6965482969588843
0.485	1.6924258768918963
0.4875	1.6882557901209263
0.49	1.6840373733385972
0.4925	1.6797699499137724
0.495	1.6754528295638929
0.4975	1.6710853080175083
0.5	1.6666666666666667
0.5025000000000001	1.6621961722087977
0.505	1.6576730762777274
0.5075000000000001	1.6530966150634308
0.51	1.6484660089201244
0.5125	1.64378046196228
0.515	1.6390391616481235
0.5175	1.6342412783501634
0.52	1.6293859649122808
0.5225	1.6244723561928835
0.525	1.619499568593615
0.5275	1.6144666995730825
0.53	1.6093728271450423
0.5325	1.6042170093604697
0.535	1.5989982837728978
0.5375	1.5937156668863988
0.54	1.5883681535855447
0.5425	1.5829547165466606
0.545	1.5774743056296452
0.5475	1.5719258472496185
0.55	1.5663082437275986
0.5525	1.560620372619401
0.555	1.5548610860218939
0.5575	1.5490292098557192
0.56	1.5431235431235428
0.5625	1.5371428571428571
0.5650000000000001	1.531085894752304
0.5675	1.524951369490463
0.5700000000000001	1.5187379647459633
0.5725	1.5124443328777695
0.5750000000000001	1.5060690943043884
0.5775	1.499610836560733
0.58	1.4930681133212778
0.5825	1.4864394433881052
0.585	1.479723309642355
0.5875	1.472918157957528
0.59	1.4660223960730174
0.5925	1.459034392426154
0.595	1.4519524749409807
0.5975	1.444774929771868
0.6	1.4375
0.6025	1.4301258842806543
0.605	1.4226507354390945
0.6075	1.4150726590127882
0.61	1.4073897117375378
0.6125	1.3995998999749935
0.615	1.391701178078887
0.6175	1.3836914466971744
0.62	1.3755685510071474
0.6225	1.3673302788803967
0.625	1.358974358974359
0.6275000000000001	1.3504984587469973
0.63	1.3419001823909797
0.6325000000000001	1.3331770686835225
0.635	1.3243265887478533
0.6375000000000001	1.315346143722032
0.64	1.3062330623306233
0.6425	1.2969845983544617
0.645	1.2875979279934926
0.6475	1.278070147117382
0.65	1.2683982683982682
0.6525	1.2585792183197468
0.655	1.2486098340557819
0.6575	1.2384868602129233
0.66	1.228206945428774
0.6625	1.2177666388192703
0.665	1.2071623862668637
0.6675	1.1963905265412407
0.67	1.185447287243694
0.6725	1.1743287805657299
0.675	1.163030998851894
0.6775	1.1515498099562147
0.68	1.1398809523809519
0.6825	1.128020030185677
0.685	1.1159625076539024
0.6875	1.1037037037037036
0.6900000000000001	1.0912387860278676
0.6925	1.0785627649481813
0.6950000000000001	1.0656704869674547
0.6975	1.0525566280018013
0.7000000000000001	1.0392156862745094
0.7025	1.0256419748516146
0.705	1.0118296137979028
0.7075	0.9977725219306479
0.71	0.983464408146804
0.7125	0.968898762297683
0.715	0.9540688455833464
0.7175	0.9389676804369387
0.72	0.9235880398671097
0.7225	0.907922436224323
0.725	0.8919631093544136
0.7275	0.8757020141000273
0.73	0.859130807107686
0.7325	0.8422408328950381
0.735	0.8250231091294657
0.7375	0.807468311065433
0.74	0.7895667550839964
0.7425	0.771308381273418
0.745	0.7526827349851115
0.7475	0.7336789472938707
0.75	0.7142857142857144
0.7525000000000001	0.6944912750904186
0.755	0.6742833885691026
0.7575000000000001	0.6536493085597801
0.76	0.6325757575757573
0.7625000000000001	0.6110488988428511
0.765	0.5890543065517448
0.7675000000000001	0.5665769341911147
0.77	0.5436010808155247
0.7725	0.5201103550891988
0.775	0.49608763693270674
0.7775	0.4715150365840173
0.78	0.44637385086823267
0.7825	0.42064451645145207
0.785	0.3943065598332356
0.7875	0.3673385438091321
0.79	0.3397180101090709
0.7925	0.3114214178891297
0.795	0.28242407772267075
0.7975	0.2527000807019353
0.8	0.22222222222222143
0.8025	0.19096191997752765
0.805	0.15888912564812774
0.8075	0.12597222970666966
0.81	0.09217795870892598
0.8125	0.05747126436781613
0.8150000000000001	0.02181520363338496
0.8175	-0.014829191083642446
0.8200000000000001	-0.05250305250305365
0.8225	-0.09124983094727446
0.8250000000000001	-0.13111545988258477
0.8275	-0.1721485358551922
0.8300000000000001	-0.2144005143040828
0.8325	-0.25792592290932825
0.835	-0.30278259433572785
0.8375	-0.3490319204604919
0.84	-0.3967391304347814
0.8425	-0.4459735952273274
0.845	-0.49680916164000255
0.8475	-0.5493245191774445
0.85	-0.6036036036036028
0.8525	-0.6597360415380056
0.855	-0.7178176410447059
0.8575	-0.7779509338622472
0.86	-0.8402457757296458
0.8625	-0.9048200122025643
0.865	-0.9718002184490127
0.8675	-0.9987237096134229
0.87	-0.9965633277849362
0.8725	-0.9944072397576593
0.875	-0.9922554435535316
0.8775000000000001	-0.990107937158629
0.88	-0.9879647185232379
0.8825000000000001	-0.9858257855619321
0.885	-0.9836911361536487
0.8875000000000001	-0.9815607681417665
0.89	-0.9794346793341868
0.8925000000000001	-0.9773128675034135
0.895	-0.9751953303866371
0.8975	-0.9730820656858172
0.9	-0.9709730710677709
0.9025	-0.9688683441642554
0.905	-0.9667678825720605
0.9075	-0.9646716838530953
0.91	-0.9625797455344807
0.9125	-0.9604920651086415
0.915	-0.9584086400333989
0.9175	-0.9563294677320677
0.92	-0.9542545455935505
0.9225	-0.9521838709724364
0.925	-0.9501174411891002
0.9275	-0.9480552535298018
0.93	-0.9459973052467882
0.9325	-0.9439435935583969
0.935	-0.9418941156491587
0.9375	-0.939848868669904
0.9400000000000001	-0.937807849737869
0.9425	-0.9357710559368042
0.9450000000000001	-0.9337384843170817
0.9475	-0.931710131895809
0.9500000000000001	-0.929685995656936
0.9525	-0.9276660725513715
0.9550000000000001	-0.9256503594970944
0.9575	-0.9236388533792715
0.96	-0.9216315510503708
0.9625	-0.919628449330281
0.965	-0.91762954500643
0.9675	-0.9156348348339026
0.97	-0.9136443155355649
0.9725	-0.9116579838021819
0.975	-0.9096758362925448
0.9775	-0.9076978696335923
0.98	-0.9057240804205371
0.9825	-0.903754465216991
0.985	-0.9017890205550954
0.9875	-0.899827742935645
0.99	-0.897870628828222
0.9925	-0.8959176746713235
0.995	-0.8939688768724945
0.9975	-0.8920242318084595
1.	-0.8900837358252578
1.0025	-0.8881473852383754
1.0050000000000001	-0.8862151763328829
1.0075	-0.884287105363571
1.01	-0.8823631685550885
1.0125	-0.880443362102079
1.0150000000000001	-0.8785276821693223
1.0175	-0.8766161248918739
1.02	-0.8747086863752055
1.0225	-0.8728053626953471
1.025	-0.8709061498990318
1.0275	-0.8690110440038361
1.03	-0.8671200409983284
1.0325	-0.8652331368422108
1.035	-0.8633503274664687
1.0375	-0.8614716087735153
1.04	-0.8595969766373414
1.0425	-0.8577264269036626
1.045	-0.8558599553900701
1.0475	-0.85399755788618
1.05	-0.8521392301537857
1.0525	-0.8502849679270077
1.055	-0.8484347669124477
1.0575	-0.8465886227893411
1.06	-0.8447465312097113
1.0625	-0.8429084877985247
1.065	-0.8410744881538446
1.0675000000000001	-0.8392445278469889
1.07	-0.8374186024226858
1.0725	-0.8355967073992318
1.075	-0.8337788382686481
1.0775000000000001	-0.831964990496841
1.08	-0.8301551595237606
1.0825	-0.8283493407635599
1.085	-0.8265475296047557
1.0875000000000001	-0.8247497214103892
1.09	-0.8229559115181879
1.0925	-0.8211660952407274
1.095	-0.8193802678655941
1.0975	-0.8175984246555477
1.1	-0.8158205608486861
1.1025	-0.8140466716586083
1.105	-0.8122767522745793
1.1075	-0.810510797861695
1.11	-0.8087488035610482
1.1125	-0.806990764489895
1.115	-0.8052366757418192
1.1175	-0.8034865323869017
1.12	-0.8017403294718853
1.1225	-0.799998062020344
1.125	-0.7982597250328511
1.1275	-0.796525313487146
1.1300000000000001	-0.7947948223383039
1.1325	-0.7930682465189056
1.135	-0.7913455809392062
1.1375	-0.789626820487304
1.1400000000000001	-0.7879119600293123
1.1425	-0.7862009944095284
1.145	-0.7844939184506048
1.1475	-0.7827907269537202
1.1500000000000001	-0.7810914146987502
1.1525	-0.7793959764444398
1.155	-0.7777044069285733
1.1575	-0.776016700868148
1.16	-0.774332852959545
1.1625	-0.7726528578787024
1.165	-0.7709767102812872
1.1675	-0.7693044048028685
1.17	-0.7676359360590896
1.1725	-0.7659712986458418
1.175	-0.7643104871394377
1.1775	-0.7626534960967828
1.18	-0.7610003200555513
1.1825	-0.7593509535343577
1.185	-0.7577053910329312
1.1875	-0.7560636270322895
1.19	-0.7544256559949124
1.1925000000000001	-0.7527914723649152
1.195	-0.7511610705682235
1.1975	-0.7495344450127468
1.2	-0.7479115900885511
1.2025000000000001	-0.7462925001680352
1.205	-0.7446771696061034
1.2075	-0.7430655927403389
1.21	-0.7414577638911795
1.2125000000000001	-0.739853677362089
1.215	-0.7382533274397345
1.2175	-0.7366567083941569
1.22	-0.7350638144789465
1.2225	-0.7334746399314169
1.225	-0.7318891789727779
1.2275	-0.7303074258083087
1.23	-0.728729374627533
1.2325	-0.7271550196043906
1.235	-0.7255843548974116
1.2375	-0.7240173746498897
1.24	-0.7224540729900542
1.2425	-0.7208944440312437
1.245	-0.7193384818720782
1.2475	-0.717786180596632
1.25	-0.7162375342746061
1.2525	-0.7146925369614998
1.2550000000000001	-0.7131511826987829
1.2575	-0.7116134655140673
1.26	-0.7100793794212794
1.2625	-0.7085489184208296
1.2650000000000001	-0.707022076499785
1.2675	-0.7054988476320394
1.27	-0.703979225778484
1.2725	-0.7024632048871776
1.2750000000000001	-0.7009507788935165
1.2775	-0.6994419417204052
1.28	-0.6979366872784243
1.2825	-0.6964350094660001
1.285	-0.6949369021695745
1.2875	-0.6934423592637725
1.29	-0.6919513746115706
1.2925	-0.690463942064464
1.295	-0.6889800554626362
1.2975	-0.6874997086351229
1.3	-0.6860228953999827
1.3025	-0.6845496095644599
1.305	-0.683079844925153
1.3075	-0.681613595268179
1.31	-0.68015085436934
1.3125	-0.6786916159942871
1.315	-0.6772358738986844
1.3175000000000001	-0.6757836218283751
1.32	-0.6743348535195433
1.3225	-0.6728895626988776
1.325	-0.671447743083735
1.3275000000000001	-0.6700093883823015
1.33	-0.6685744922937559
1.3325	-0.6671430485084296
1.335	-0.6657150507079688
1.3375000000000001	-0.6642904925654941
1.34	-0.662869367745762
1.3425	-0.6614516699053221
1.345	-0.660037392692679
1.3475	-0.6586265297484483
1.35	-0.6572190747055168
1.3525	-0.6558150211891984
1.355	-0.6544143628173932
1.3575	-0.653017093200741
1.36	-0.6516232059427802
1.3625	-0.6502326946401026
1.365	-0.648845552882507
1.3675	-0.6474617742531551
1.37	-0.6460813523287243
1.3725	-0.6447042806795624
1.375	-0.6433305528698385
1.3775	-0.6419601624576972
1.3800000000000001	-0.6405931029954083
1.3825	-0.6392293680295189
1.385	-0.6378689511010041
1.3875	-0.6365118457454156
1.3900000000000001	-0.6351580454930323
1.3925	-0.6338075438690092
1.395	-0.6324603343935227
1.3975	-0.6311164105819224
1.4000000000000001	-0.6297757659448737
1.4025	-0.6284383939885076
1.405	-0.6271042882145637
1.4075	-0.6257734421205368
1.41	-0.6244458491998202
1.4125	-0.6231215029418504
1.415	-0.6218003968322496
1.4175	-0.6204825243529686
1.42	-0.6191678789824278
1.4225	-0.6178564541956588
1.425	-0.6165482434644463
1.4275	-0.615243240257465
1.43	-0.6139414380404219
1.4325	-0.6126428302761927
1.435	-0.6113474104249605
1.4375	-0.6100551719443532
1.44	-0.6087661082895797
1.4425000000000001	-0.6074802129135657
1.445	-0.6061974792670894
1.4475	-0.6049179007989154
1.45	-0.6036414709559281
1.4525000000000001	-0.6023681831832665
1.455	-0.6010980309244552
1.4575	-0.5998310076215367
1.46	-0.5985671067152021
1.4625000000000001	-0.5973063216449214
1.465	-0.5960486458490744
1.4675	-0.5947940727650772
1.47	-0.5935425958295135
1.4725	-0.5922942084782591
1.475	-0.5910489041466112
1.4775	-0.589806676269413
1.48	-0.5885675182811798
1.4825	-0.587331423616223
1.485	-0.5860983857087751
1.4875	-0.5848683979931124
1.49	-0.5836414539036769
1.4925	-0.5824175468751993
1.495	-0.5811966703428189
1.4975	-0.5799788177422054
1.5	-0.5787639825096771
1.5025	-0.5775521580823202
1.5050000000000001	-0.5763433378981075
1.5075	-0.5751375153960153
1.51	-0.5739346840161408
1.5125	-0.5727348371998163
1.5150000000000001	-0.571537968389727
1.5175	-0.570344071030024
1.52	-0.5691531385664375
1.5225	-0.5679651644463912
1.5250000000000001	-0.5667801421191137
1.5275	-0.5655980650357505
1.53	-0.5644189266494748
1.5325	-0.5632427204155973
1.5350000000000001	-0.5620694397916752
1.5375	-0.5608990782376223
1.54	-0.5597316292158148
1.5425	-0.5585670861911995
1.545	-0.5574054426314015
1.5475	-0.5562466920068262
1.55	-0.555090827790768
1.5525	-0.5539378434595126
1.555	-0.5527877324924404
1.5575	-0.5516404883721295
1.56	-0.5504961045844575
1.5625	-0.5493545746187033
1.565	-0.5482158919676459
1.5675000000000001	-0.5470800501276661
1.57	-0.5459470425988443
1.5725	-0.5448168628850589
1.575	-0.5436895044940836
1.5775000000000001	-0.5425649609376848
1.58	-0.5414432257317168
1.5825	-0.5403242923962177
1.585	-0.5392081544555036
1.5875000000000001	-0.5380948054382622
1.59	-0.5369842388776467
1.5925	-0.5358764483113669
1.595	-0.5347714272817816
1.5975000000000001	-0.533669169335989
1.6	-0.5325696680259177
1.6025	-0.5314729169084149
1.605	-0.5303789095453362
1.6075	-0.5292876395036318
1.61	-0.5281991003554358
1.6125	-0.527113285678152
1.615	-0.5260301890545378
1.6175	-0.5249498040727923
1.62	-0.5238721243266383
1.6225	-0.5227971434154068
1.625	-0.5217248549441199
1.6275	-0.5206552525235719
1.6300000000000001	-0.5195883297704126
1.6325	-0.5185240803072261
1.635	-0.5174624977626121
1.6375	-0.5164035757712644
1.6400000000000001	-0.5153473079740497
1.6425	-0.5142936880180858
1.645	-0.513242709556818
1.6475	-0.5121943662500965
1.6500000000000001	-0.5111486517642507
1.6525	-0.5101055597721662
1.655	-0.5090650839533574
1.6575	-0.5080272179940418
1.6600000000000001	-0.506991955587213
1.6625	-0.5059592904327127
1.665	-0.5049292162373025
1.6675	-0.5039017267147347
1.67	-0.5028768155858221
1.6725	-0.501854476578508
1.675	-0.5008347034279348
1.6775	-0.49981748987651164
1.68	-0.4988028296739825
1.6825	-0.49779071657749263
1.685	-0.4967811443516545
1.6875	-0.49577410676861383
1.69	-0.4947695976081131
1.6925000000000001	-0.4937676106575568
1.695	-0.49276813971207417
1.6975	-0.49177117857458236
1.7	-0.4907767210558476
1.7025000000000001	-0.48978476097454815
1.705	-0.48879529215733286
1.7075	-0.4878083084388835
1.71	-0.4868238036619729
1.7125000000000001	-0.48584177167752346
1.715	-0.4848622063446668
1.7175	-0.48388510153079933
1.72	-0.48291045111164055
1.7225000000000001	-0.4819382489712885
1.725	-0.4809684890022756
1.7275	-0.48000116510562363
1.73	-0.4790362711908974
1.7325	-0.4780738011762599
1.735	-0.4771137489885232
1.7375	-0.47615610856320306
1.74	-0.475200873844569
1.7425	-0.4742480387856963
1.745	-0.47329759734851656
1.7475	-0.4723495435038674
1.75	-0.47140387123154176
1.7525	-0.47046057452033696
1.7550000000000001	-0.4695196473681025
1.7575	-0.4685810837817874
1.76	-0.46764487777748803
1.7625	-0.46671102338049275
1.7650000000000001	-0.46577951462532985
1.7675	-0.46485034555581073
1.77	-0.46392351022507494
1.7725	-0.4629990026956353
1.7750000000000001	-0.4620768170394196
1.7775	-0.46115694733781465
1.78	-0.46023938768170747
1.7825	-0.45932413217152807
1.7850000000000001	-0.45841117491728944
1.7875	-0.4575005100386287
1.79	-0.45659213166484713
1.7925	-0.4556860339349488
1.795	-0.45478221099768035
1.7975	-0.45388065701156843
1.8	-0.4529813661449578
1.8025	-0.45208433257604863
1.805	-0.4511895504929331
1.8075	-0.45029701409363043
1.81	-0.4494067175861243
1.8125	-0.4485186551883964
1.815	-0.44763282112846103
1.8175000000000001	-0.44674920964439957
1.82	-0.44586781498439343
1.8225	-0.4449886314067574
1.825	-0.444111653179971
1.8275000000000001	-0.44323687458271144
1.83	-0.44236428990388454
1.8325	-0.44149389344265516
1.835	-0.44062567950847775
1.8375000000000001	-0.43975964242112586
1.84	-0.4388957765107224
1.8425	-0.438034076117767
1.845	-0.43717453559316516
1.8475000000000001	-0.4363171492982557
1.85	-0.4354619116048384
1.8525	-0.4346088168952005
1.855	-0.4337578595621423
1.8575	-0.43290903400900516
1.86	-0.4320623346496938
1.8625	-0.4312177559087038
1.865	-0.4303752922211445
1.8675	-0.42953493803276377
1.87	-0.4286966877999704
1.8725	-0.4278605359898585
1.875	-0.42702647708022856
1.8775	-0.42619450555961047
1.8800000000000001	-0.425364615927285
1.8825	-0.42453680269330485
1.885	-0.42371106037851497
1.8875	-0.42288738351457344
1.8900000000000001	-0.4220657666439712
1.8925	-0.4212462043200506
1.895	-0.42042869110702563
1.8975	-0.4196132215799996
1.9000000000000001	-0.41879979032498316
1.9025	-0.41798839193891224
1.905	-0.41717902102966553
1.9075	-0.4163716722160805
1.9100000000000001	-0.4155663401279703
1.9125	-0.4147630194061398
1.915	-0.4139617047024011
1.9175	-0.41316239067958793
1.92	-0.4123650720115716
1.9225	-0.41156974338327423
1.925	-0.41077639949068356
1.9275	-0.4099850350408657
1.93	-0.4091956447519789
1.9325	-0.40840822335328564
1.935	-0.4076227655851657
1.9375	-0.4068392661991275
1.94	-0.40605771995782014
1.9425000000000001	-0.4052781216350442
1.945	-0.4045004660157626
1.9475	-0.40372474789611157
1.95	-0.4029509620834101
1.9525000000000001	-0.4021791033961697
1.955	-0.4014091666641041
1.9575	-0.4006411467281381
1.96	-0.39987503844041594
1.9625000000000001	-0.39911083666430947
1.965	-0.39834853627442685
1.9675	-0.39758813215661887
1.97	-0.39682961920798765
1.9725000000000001	-0.3960729923368916
1.975	-0.3953182464629539
1.9775	-0.3945653765170669
1.98	-0.39381437744139947
1.9825000000000002	-0.3930652441894015
1.985	-0.3923179717258093
1.9875	-0.39157255502665067
1.99	-0.390828989079249
1.9925	-0.39008726888222783
1.995	-0.38934738944551445
1.9975	-0.3886093457903437
2.	-0.3878731329492609