0.000000e+00 0.000000e+00
6.250000e-01 -6.720983e-03
1.250000e+00 -1.344348e-02
1.875000e+00 -2.016849e-02
2.500000e+00 -2.689747e-02
3.125000e+00 -3.363216e-02
3.750000e+00 -4.037461e-02
4.375000e+00 -4.712705e-02
5.000000e+00 -5.389191e-02
5.625000e+00 -6.067175e-02
6.250000e+00 -6.746927e-02
6.875000e+00 -7.428724e-02
7.500000e+00 -8.112851e-02
8.125000e+00 -8.799600e-02
8.750000e+00 -9.489264e-02
9.375000e+00 -1.018214e-01
1.000000e+01 -1.087852e-01
1.062500e+01 -1.157871e-01
1.125000e+01 -1.228300e-01
1.187500e+01 -1.299169e-01
1.250000e+01 -1.370505e-01
1.312500e+01 -1.442338e-01
1.375000e+01 -1.514694e-01
1.437500e+01 -1.587603e-01
1.500000e+01 -1.661089e-01
1.562500e+01 -1.735179e-01
1.625000e+01 -1.809897e-01
1.687500e+01 -1.885268e-01
1.750000e+01 -1.961314e-01
1.812500e+01 -2.038059e-01
1.875000e+01 -2.115522e-01
1.937500e+01 -2.193725e-01
2.000000e+01 -2.272686e-01
2.062500e+01 -2.352423e-01
2.125000e+01 -2.432953e-01
2.187500e+01 -2.514291e-01
2.250000e+01 -2.596453e-01
2.312500e+01 -2.679450e-01
2.375000e+01 -2.763296e-01
2.437500e+01 -2.848001e-01
2.500000e+01 -2.933574e-01
2.562500e+01 -3.020023e-01
2.625000e+01 -3.107356e-01
2.687500e+01 -3.195579e-01
2.750000e+01 -3.284695e-01
2.812500e+01 -3.374707e-01
2.875000e+01 -3.465618e-01
2.937500e+01 -3.557428e-01
3.000000e+01 -3.650135e-01
3.062500e+01 -3.743738e-01
3.125000e+01 -3.838234e-01
3.187500e+01 -3.933617e-01
3.250000e+01 -4.029881e-01
3.312500e+01 -4.127020e-01
3.375000e+01 -4.225023e-01
3.437500e+01 -4.323882e-01
3.500000e+01 -4.423585e-01
3.562500e+01 -4.524120e-01
3.625000e+01 -4.625472e-01
3.687500e+01 -4.727627e-01
3.750000e+01 -4.830569e-01
3.812500e+01 -4.934279e-01
3.875000e+01 -5.038739e-01
3.937500e+01 -5.143930e-01
4.000000e+01 -5.249829e-01
4.062500e+01 -5.356414e-01
4.125000e+01 -5.463662e-01
4.187500e+01 -5.571548e-01
4.250000e+01 -5.680047e-01
4.312500e+01 -5.789129e-01
4.375000e+01 -5.898769e-01
4.437500e+01 -6.008935e-01
4.500000e+01 -6.119599e-01
4.562500e+01 -6.230727e-01
4.625000e+01 -6.342287e-01
4.687500e+01 -6.454246e-01
4.750000e+01 -6.566568e-01
4.812500e+01 -6.679218e-01
4.875000e+01 -6.792158e-01
4.937500e+01 -6.905350e-01
5.000000e+01 -7.018755e-01
5.062500e+01 -7.132334e-01
5.125000e+01 -7.246045e-01
5.187500e+01 -7.359845e-01
5.250000e+01 -7.473692e-01
5.312500e+01 -7.587542e-01
5.375000e+01 -7.701350e-01
5.437500e+01 -7.815069e-01
5.500000e+01 -7.928653e-01
5.562500e+01 -8.042053e-01
5.625000e+01 -8.155222e-01
5.687500e+01 -8.268109e-01
5.750000e+01 -8.380664e-01
5.812500e+01 -8.492835e-01
5.875000e+01 -8.604570e-01
5.937500e+01 -8.715816e-01
6.000000e+01 -8.826519e-01
6.062500e+01 -8.936623e-01
6.125000e+01 -9.046073e-01
6.187500e+01 -9.154813e-01
6.250000e+01 -9.262785e-01
6.312500e+01 -9.369930e-01
6.375000e+01 -9.476190e-01
6.437500e+01 -9.581506e-01
6.500000e+01 -9.685815e-01
6.562500e+01 -9.789058e-01
6.625000e+01 -9.891171e-01
6.687500e+01 -9.992092e-01
6.750000e+01 -1.009176e+00
6.812500e+01 -1.019010e+00
6.875000e+01 -1.028706e+00
6.937500e+01 -1.038257e+00
7.000000e+01 -1.047656e+00
7.062500e+01 -1.056897e+00
7.125000e+01 -1.065972e+00
7.187500e+01 -1.074875e+00
7.250000e+01 -1.083599e+00
7.312500e+01 -1.092136e+00
7.375000e+01 -1.100480e+00
7.437500e+01 -1.108624e+00
7.500000e+01 -1.116561e+00
7.562500e+01 -1.124282e+00
7.625000e+01 -1.131781e+00
7.687500e+01 -1.139050e+00
7.750000e+01 -1.146082e+00
7.812500e+01 -1.152869e+00
7.875000e+01 -1.159404e+00
7.937500e+01 -1.165679e+00
8.000000e+01 -1.171686e+00
8.062500e+01 -1.177417e+00
8.125000e+01 -1.182864e+00
8.187500e+01 -1.188020e+00
8.250000e+01 -1.192877e+00
8.312500e+01 -1.197426e+00
8.375000e+01 -1.201659e+00
8.437500e+01 -1.205569e+00
8.500000e+01 -1.209146e+00
8.562500e+01 -1.212382e+00
8.625000e+01 -1.215270e+00
8.687500e+01 -1.217801e+00
8.750000e+01 -1.219966e+00
8.812500e+01 -1.221756e+00
8.875000e+01 -1.223163e+00
8.937500e+01 -1.224179e+00
9.000000e+01 -1.224794e+00
9.062500e+01 -1.225000e+00
9.125000e+01 -1.224788e+00
9.187500e+01 -1.224149e+00
9.250000e+01 -1.223074e+00
9.312500e+01 -1.221554e+00
9.375000e+01 -1.219580e+00
9.437500e+01 -1.217142e+00
9.500000e+01 -1.214232e+00
9.562500e+01 -1.210841e+00
9.625000e+01 -1.206958e+00
9.687500e+01 -1.202575e+00
9.750000e+01 -1.197682e+00
9.812500e+01 -1.192269e+00
9.875000e+01 -1.186328e+00
9.937500e+01 -1.179847e+00
1.000000e+02 -1.172819e+00
1.006250e+02 -1.165233e+00
1.012500e+02 -1.157079e+00
1.018750e+02 -1.148347e+00
1.025000e+02 -1.139028e+00
1.031250e+02 -1.129111e+00
1.037500e+02 -1.118587e+00
1.043750e+02 -1.107446e+00
1.050000e+02 -1.095676e+00
1.056250e+02 -1.083269e+00
1.062500e+02 -1.070214e+00
1.068750e+02 -1.056500e+00
1.075000e+02 -1.042118e+00
1.081250e+02 -1.027056e+00
1.087500e+02 -1.011305e+00
1.093750e+02 -9.948537e-01
1.100000e+02 -9.776917e-01
1.106250e+02 -9.598083e-01
1.112500e+02 -9.411929e-01
1.118750e+02 -9.218347e-01
1.125000e+02 -9.017230e-01
1.131250e+02 -8.808468e-01
1.137500e+02 -8.591953e-01
1.143750e+02 -8.367574e-01
1.150000e+02 -8.135222e-01
1.156250e+02 -7.894787e-01
1.162500e+02 -7.646155e-01
1.168750e+02 -7.389217e-01
1.175000e+02 -7.123858e-01
1.181250e+02 -6.849967e-01
1.187500e+02 -6.567429e-01
1.193750e+02 -6.276130e-01
1.200000e+02 -5.975956e-01
1.206250e+02 -5.666791e-01
1.212500e+02 -5.348520e-01
1.218750e+02 -5.021026e-01
1.225000e+02 -4.684193e-01
1.231250e+02 -4.337902e-01
1.237500e+02 -3.982036e-01
1.243750e+02 -3.616476e-01
