0.000000e+00 1.208064e+02
2.000000e+00 1.208064e+02
4.000000e+00 1.207822e+02
6.000000e+00 1.207822e+02
8.000000e+00 1.207339e+02
1.000000e+01 1.207098e+02
1.200000e+01 1.206374e+02
1.400000e+01 1.205891e+02
1.600000e+01 1.205167e+02
1.800000e+01 1.204444e+02
2.000000e+01 1.203481e+02
2.200000e+01 1.202518e+02
2.400000e+01 1.201556e+02
2.600000e+01 1.200354e+02
2.800000e+01 1.199154e+02
3.000000e+01 1.197955e+02
3.200000e+01 1.196517e+02
3.400000e+01 1.195082e+02
3.600000e+01 1.193408e+02
3.800000e+01 1.191738e+02
4.000000e+01 1.189831e+02
4.200000e+01 1.187927e+02
4.400000e+01 1.186026e+02
4.600000e+01 1.184129e+02
4.800000e+01 1.181761e+02
5.000000e+01 1.179633e+02
5.200000e+01 1.177274e+02
5.400000e+01 1.174920e+02
5.600000e+01 1.172335e+02
5.800000e+01 1.169756e+02
6.000000e+01 1.166948e+02
6.200000e+01 1.164148e+02
6.400000e+01 1.161121e+02
6.600000e+01 1.158334e+02
6.800000e+01 1.155091e+02
7.000000e+01 1.151856e+02
7.200000e+01 1.148631e+02
7.400000e+01 1.145185e+02
7.600000e+01 1.141750e+02
7.800000e+01 1.138096e+02
8.000000e+01 1.134454e+02
8.200000e+01 1.130597e+02
8.400000e+01 1.126753e+02
8.600000e+01 1.122697e+02
8.800000e+01 1.118655e+02
9.000000e+01 1.114404e+02
9.200000e+01 1.110170e+02
9.400000e+01 1.105729e+02
9.600000e+01 1.101306e+02
9.800000e+01 1.096680e+02
1.000000e+02 1.091845e+02
1.010000e+02 1.089442e+02
1.020000e+02 1.087046e+02
1.030000e+02 1.084654e+02
1.040000e+02 1.082268e+02
1.050000e+02 1.079670e+02
1.060000e+02 1.077079e+02
1.070000e+02 1.074710e+02
1.080000e+02 1.072130e+02
1.090000e+02 1.069343e+02
1.100000e+02 1.066776e+02
1.110000e+02 1.064216e+02
1.120000e+02 1.061449e+02
1.130000e+02 1.058689e+02
1.140000e+02 1.055937e+02
1.150000e+02 1.053191e+02
1.160000e+02 1.050453e+02
1.170000e+02 1.047512e+02
1.180000e+02 1.044788e+02
1.190000e+02 1.041863e+02
1.200000e+02 1.038946e+02
1.210000e+02 1.036037e+02
1.220000e+02 1.033136e+02
1.230000e+02 1.030036e+02
1.240000e+02 1.027152e+02
1.250000e+02 1.024071e+02
1.260000e+02 1.020999e+02
1.280000e+02 1.014660e+02
1.290000e+02 1.011616e+02
1.300000e+02 1.008379e+02
1.310000e+02 1.005152e+02
1.320000e+02 1.001936e+02
1.330000e+02 9.985294e+01
1.340000e+02 9.953341e+01
1.350000e+02 9.919500e+01
1.360000e+02 9.885774e+01
1.370000e+02 9.852162e+01
1.380000e+02 9.818665e+01
1.390000e+02 9.783317e+01
1.400000e+02 9.748097e+01
1.410000e+02 9.713004e+01
1.420000e+02 9.678037e+01
1.430000e+02 9.641261e+01
1.440000e+02 9.606552e+01
1.450000e+02 9.570047e+01
1.460000e+02 9.533681e+01
1.470000e+02 9.495547e+01
1.480000e+02 9.459463e+01
1.490000e+02 9.421626e+01
1.500000e+02 9.383939e+01
1.510000e+02 9.346403e+01
1.520000e+02 9.307148e+01
1.530000e+02 9.269920e+01
1.540000e+02 9.230986e+01
1.550000e+02 9.190370e+01
1.560000e+02 9.151770e+01
1.570000e+02 9.111503e+01
1.580000e+02 9.071412e+01
1.590000e+02 9.031498e+01
1.600000e+02 8.989953e+01
1.610000e+02 8.950397e+01
1.620000e+02 8.907435e+01
1.630000e+02 8.866461e+01
1.640000e+02 8.825675e+01
1.650000e+02 8.783312e+01
1.660000e+02 8.739395e+01
1.670000e+02 8.697446e+01
1.680000e+02 8.653959e+01
1.690000e+02 8.610689e+01
1.700000e+02 8.567636e+01
1.710000e+02 8.523084e+01
1.720000e+02 8.478764e+01
1.730000e+02 8.434675e+01
1.740000e+02 8.389127e+01
1.750000e+02 8.343826e+01
1.760000e+02 8.298769e+01
1.770000e+02 8.252296e+01
1.780000e+02 8.206083e+01
1.790000e+02 8.160129e+01
1.800000e+02 8.112801e+01
1.810000e+02 8.065746e+01
1.820000e+02 8.018965e+01
1.830000e+02 7.970851e+01
1.840000e+02 7.923026e+01
1.850000e+02 7.875488e+01
1.860000e+02 7.826660e+01
1.870000e+02 7.776569e+01
1.880000e+02 7.728355e+01
1.890000e+02 7.677347e+01
1.900000e+02 7.628212e+01
1.910000e+02 7.577866e+01
1.920000e+02 7.526337e+01
1.930000e+02 7.476663e+01
1.940000e+02 7.424326e+01
1.950000e+02 7.372356e+01
1.960000e+02 7.320749e+01
1.970000e+02 7.268040e+01
1.980000e+02 7.215710e+01
1.990000e+02 7.162314e+01
2.000000e+02 7.109325e+01
2.005000e+02 7.082310e+01
2.010000e+02 7.055397e+01
2.015000e+02 7.028586e+01
2.020000e+02 7.000472e+01
2.025000e+02 6.973870e+01
2.030000e+02 6.945975e+01
2.035000e+02 6.919580e+01
2.040000e+02 6.891902e+01
2.045000e+02 6.864334e+01
2.050000e+02 6.836877e+01
2.055000e+02 6.808162e+01
2.060000e+02 6.780929e+01
2.065000e+02 6.752449e+01
2.070000e+02 6.724089e+01
2.075000e+02 6.695848e+01
2.080000e+02 6.667725e+01
2.085000e+02 6.639721e+01
2.090000e+02 6.611834e+01
2.095000e+02 6.582742e+01
2.100000e+02 6.553778e+01
2.105000e+02 6.524941e+01
2.110000e+02 6.496231e+01
2.115000e+02 6.467648e+01
2.120000e+02 6.437897e+01
2.125000e+02 6.408283e+01
2.130000e+02 6.380086e+01
2.135000e+02 6.350738e+01
2.140000e+02 6.320254e+01
2.145000e+02 6.291181e+01
2.150000e+02 6.260983e+01
2.155000e+02 6.230931e+01
2.160000e+02 6.201022e+01
2.165000e+02 6.171257e+01
2.170000e+02 6.140401e+01
2.175000e+02 6.110927e+01
2.180000e+02 6.080372e+01
2.185000e+02 6.049971e+01
2.190000e+02 6.018511e+01
2.195000e+02 5.988418e+01
2.200000e+02 5.957278e+01
2.205000e+02 5.926301e+01
2.210000e+02 5.895484e+01
2.215000e+02 5.863648e+01
2.220000e+02 5.831984e+01
2.225000e+02 5.800492e+01
2.230000e+02 5.769169e+01
2.235000e+02 5.736862e+01
2.240000e+02 5.704735e+01
2.245000e+02 5.672789e+01
2.250000e+02 5.641021e+01
2.255000e+02 5.608303e+01
2.260000e+02 5.575775e+01
2.265000e+02 5.543436e+01
2.275000e+02 5.477664e+01
2.280000e+02 5.443702e+01
2.285000e+02 5.411040e+01
2.295000e+02 5.343679e+01
2.300000e+02 5.309479e+01
2.305000e+02 5.275498e+01
2.310000e+02 5.241735e+01
2.315000e+02 5.207140e+01
2.320000e+02 5.172773e+01
2.325000e+02 5.138632e+01
2.330000e+02 5.103690e+01
2.335000e+02 5.068985e+01
2.340000e+02 5.033502e+01
2.345000e+02 4.998267e+01
2.350000e+02 4.962280e+01
2.355000e+02 4.926551e+01
2.360000e+02 4.891080e+01
2.365000e+02 4.854886e+01
2.370000e+02 4.818960e+01
2.375000e+02 4.782336e+01
2.380000e+02 4.745034e+01
2.385000e+02 4.708022e+01
2.390000e+02 4.671300e+01
2.395000e+02 4.633929e+01
2.400000e+02 4.595931e+01
2.405000e+02 4.558245e+01
2.410000e+02 4.519955e+01
2.415000e+02 4.481084e+01
2.420000e+02 4.442546e+01
2.425000e+02 4.403452e+01
2.430000e+02 4.364702e+01
2.435000e+02 4.324546e+01
2.440000e+02 4.284761e+01
2.445000e+02 4.245341e+01
2.450000e+02 4.204585e+01
2.455000e+02 4.164221e+01
2.460000e+02 4.123412e+01
2.465000e+02 4.081353e+01
2.470000e+02 4.039723e+01
2.475000e+02 3.997710e+01
2.480000e+02 3.955335e+01
2.485000e+02 3.912617e+01
2.490000e+02 3.869578e+01
2.495000e+02 3.826239e+01
2.500000e+02 3.783280e+01
2.507500e+02 3.716694e+01
2.515000e+02 3.649050e+01
2.522500e+02 3.580448e+01
2.530000e+02 3.509913e+01
2.537500e+02 3.439715e+01
2.545000e+02 3.367825e+01
2.552500e+02 3.294407e+01
2.560000e+02 3.219624e+01
2.567500e+02 3.143640e+01
2.575000e+02 3.065678e+01
2.582500e+02 2.986890e+01
2.590000e+02 2.905647e+01
2.597500e+02 2.822255e+01
2.605000e+02 2.737869e+01
2.612500e+02 2.650257e+01
2.620000e+02 2.560679e+01
2.627500e+02 2.467982e+01
2.635000e+02 2.371978e+01
2.642500e+02 2.273303e+01
2.650000e+02 2.170600e+01
2.653000e+02 2.130000e+01
2.656000e+02 2.086500e+01
2.659000e+02 2.043000e+01
2.662000e+02 1.996600e+01
2.665000e+02 1.953100e+01
2.668000e+02 1.906700e+01
2.671000e+02 1.857400e+01
2.674000e+02 1.811000e+01
2.677000e+02 1.758800e+01
2.680000e+02 1.709500e+01
2.683000e+02 1.657300e+01
2.686000e+02 1.602200e+01
2.689000e+02 1.547100e+01
2.692000e+02 1.489100e+01
2.695000e+02 1.431100e+01
2.698000e+02 1.370200e+01
2.701000e+02 1.306400e+01
2.704000e+02 1.236800e+01
2.707000e+02 1.167200e+01
2.710000e+02 1.091800e+01
2.713000e+02 1.013500e+01
2.716000e+02 9.265000e+00
2.719000e+02 8.337000e+00
2.722000e+02 7.264000e+00
2.725000e+02 6.017000e+00
2.728000e+02 4.480000e+00
2.731000e+02 0.000000e+00
