0.000000e+00 1.461880e+02
2.000000e+00 1.461880e+02
4.000000e+00 1.461588e+02
6.000000e+00 1.461588e+02
8.000000e+00 1.461295e+02
1.000000e+01 1.461003e+02
1.200000e+01 1.460419e+02
1.400000e+01 1.459834e+02
1.600000e+01 1.459251e+02
1.800000e+01 1.458667e+02
2.000000e+01 1.458083e+02
2.200000e+01 1.457209e+02
2.400000e+01 1.456334e+02
2.600000e+01 1.455169e+02
2.800000e+01 1.454296e+02
3.000000e+01 1.453133e+02
3.200000e+01 1.451970e+02
3.400000e+01 1.450518e+02
3.600000e+01 1.449068e+02
3.800000e+01 1.447619e+02
4.000000e+01 1.446171e+02
4.200000e+01 1.444725e+02
4.400000e+01 1.442991e+02
4.600000e+01 1.441259e+02
4.800000e+01 1.439242e+02
5.000000e+01 1.437227e+02
5.200000e+01 1.435215e+02
5.400000e+01 1.433205e+02
5.600000e+01 1.430912e+02
5.800000e+01 1.428909e+02
6.000000e+01 1.426337e+02
6.200000e+01 1.424055e+02
6.400000e+01 1.421491e+02
6.600000e+01 1.418933e+02
6.800000e+01 1.416379e+02
7.000000e+01 1.413546e+02
7.200000e+01 1.410719e+02
7.400000e+01 1.407615e+02
7.600000e+01 1.404800e+02
7.800000e+01 1.401710e+02
8.000000e+01 1.398345e+02
8.200000e+01 1.395269e+02
8.400000e+01 1.391920e+02
8.600000e+01 1.388301e+02
8.800000e+01 1.384969e+02
9.000000e+01 1.381369e+02
9.200000e+01 1.377501e+02
9.400000e+01 1.373919e+02
9.600000e+01 1.369797e+02
9.800000e+01 1.365962e+02
1.000000e+02 1.361864e+02
1.020000e+02 1.357779e+02
1.040000e+02 1.353434e+02
1.060000e+02 1.349103e+02
1.080000e+02 1.344786e+02
1.100000e+02 1.340213e+02
1.120000e+02 1.335657e+02
1.140000e+02 1.330848e+02
1.160000e+02 1.326057e+02
1.180000e+02 1.321283e+02
1.200000e+02 1.316262e+02
1.220000e+02 1.311261e+02
1.240000e+02 1.306016e+02
1.260000e+02 1.300792e+02
1.280000e+02 1.295328e+02
1.300000e+02 1.289888e+02
1.320000e+02 1.284470e+02
1.340000e+02 1.278819e+02
1.360000e+02 1.272936e+02
1.380000e+02 1.267081e+02
1.400000e+02 1.260999e+02
1.420000e+02 1.254946e+02
1.440000e+02 1.248922e+02
1.460000e+02 1.242428e+02
1.480000e+02 1.236216e+02
1.500000e+02 1.229540e+02
1.520000e+02 1.222900e+02
1.540000e+02 1.216297e+02
1.560000e+02 1.209486e+02
1.580000e+02 1.202471e+02
1.600000e+02 1.195496e+02
1.620000e+02 1.188323e+02
1.640000e+02 1.180956e+02
1.660000e+02 1.173634e+02
1.680000e+02 1.166122e+02
1.700000e+02 1.158426e+02
1.720000e+02 1.150549e+02
1.740000e+02 1.142725e+02
1.760000e+02 1.134726e+02
1.780000e+02 1.126556e+02
1.800000e+02 1.118445e+02
1.820000e+02 1.109944e+02
1.840000e+02 1.101509e+02
1.860000e+02 1.092917e+02
1.880000e+02 1.084174e+02
1.900000e+02 1.075284e+02
1.920000e+02 1.066251e+02
1.940000e+02 1.056868e+02
1.960000e+02 1.047568e+02
1.980000e+02 1.038140e+02
2.000000e+02 1.028600e+02
2.010000e+02 1.023663e+02
2.020000e+02 1.018749e+02
2.030000e+02 1.013859e+02
2.040000e+02 1.008993e+02
2.050000e+02 1.003948e+02
2.060000e+02 9.989279e+01
2.070000e+02 9.937335e+01
2.080000e+02 9.887648e+01
2.090000e+02 9.836232e+01
2.100000e+02 9.783117e+01
2.110000e+02 9.730288e+01
2.120000e+02 9.677744e+01
2.130000e+02 9.625485e+01
2.140000e+02 9.571582e+01
2.150000e+02 9.517981e+01
2.160000e+02 9.462777e+01
2.170000e+02 9.407893e+01
2.180000e+02 9.351445e+01
2.190000e+02 9.297207e+01
2.200000e+02 9.239564e+01
2.210000e+02 9.184127e+01
2.220000e+02 9.127185e+01
2.230000e+02 9.068771e+01
2.240000e+02 9.010731e+01
2.250000e+02 8.953062e+01
2.260000e+02 8.893972e+01
2.270000e+02 8.835272e+01
2.280000e+02 8.778726e+01
2.290000e+02 8.715519e+01
2.300000e+02 8.654511e+01
2.310000e+02 8.593929e+01
2.320000e+02 8.532053e+01
2.330000e+02 8.470622e+01
2.340000e+02 8.407940e+01
2.350000e+02 8.345721e+01
2.360000e+02 8.282293e+01
2.370000e+02 8.219348e+01
2.380000e+02 8.155237e+01
2.390000e+02 8.091626e+01
2.400000e+02 8.026893e+01
2.410000e+02 7.961073e+01
2.420000e+02 7.894200e+01
2.430000e+02 7.827888e+01
2.440000e+02 7.762134e+01
2.450000e+02 7.693827e+01
2.460000e+02 7.626122e+01
2.470000e+02 7.557487e+01
2.480000e+02 7.489469e+01
2.490000e+02 7.419068e+01
2.500000e+02 7.349329e+01
2.510000e+02 7.278775e+01
2.520000e+02 7.207443e+01
2.530000e+02 7.135369e+01
2.540000e+02 7.064015e+01
2.550000e+02 6.990549e+01
2.560000e+02 6.916450e+01
2.570000e+02 6.843135e+01
2.580000e+02 6.767861e+01
2.590000e+02 6.692061e+01
2.600000e+02 6.615771e+01
2.610000e+02 6.539028e+01
2.620000e+02 6.461868e+01
2.630000e+02 6.383033e+01
2.640000e+02 6.303883e+01
2.650000e+02 6.224454e+01
2.660000e+02 6.143537e+01
2.670000e+02 6.062442e+01
2.680000e+02 5.979993e+01
2.690000e+02 5.896273e+01
2.700000e+02 5.812546e+01
2.710000e+02 5.726520e+01
2.720000e+02 5.640622e+01
2.730000e+02 5.553757e+01
2.740000e+02 5.464896e+01
2.750000e+02 5.375272e+01
2.760000e+02 5.284968e+01
2.770000e+02 5.193009e+01
2.780000e+02 5.099535e+01
2.790000e+02 5.004684e+01
2.800000e+02 4.910000e+01
2.805000e+02 4.860900e+01
2.810000e+02 4.812291e+01
2.815000e+02 4.761762e+01
2.820000e+02 4.711763e+01
2.825000e+02 4.662290e+01
2.830000e+02 4.611005e+01
2.835000e+02 4.560284e+01
2.840000e+02 4.510121e+01
2.845000e+02 4.455999e+01
2.850000e+02 4.404755e+01
2.855000e+02 4.351898e+01
2.860000e+02 4.297499e+01
2.865000e+02 4.243781e+01
2.870000e+02 4.188611e+01
2.875000e+02 4.132065e+01
2.880000e+02 4.076282e+01
2.885000e+02 4.019214e+01
2.890000e+02 3.962945e+01
2.895000e+02 3.905483e+01
2.900000e+02 3.844948e+01
2.905000e+02 3.785351e+01
2.910000e+02 3.724785e+01
2.915000e+02 3.665189e+01
2.920000e+02 3.602881e+01
2.925000e+02 3.539830e+01
2.930000e+02 3.474343e+01
2.935000e+02 3.410068e+01
2.940000e+02 3.343572e+01
2.945000e+02 3.276700e+01
2.950000e+02 3.207890e+01
2.955000e+02 3.137316e+01
2.960000e+02 3.066726e+01
2.965000e+02 2.993125e+01
2.970000e+02 2.919793e+01
2.975000e+02 2.842419e+01
2.980000e+02 2.764252e+01
2.985000e+02 2.685471e+01
2.990000e+02 2.602222e+01
2.995000e+02 2.517649e+01
3.000000e+02 2.432800e+01
3.004000e+02 2.359222e+01
3.008000e+02 2.285746e+01
3.012000e+02 2.210117e+01
3.016000e+02 2.130413e+01
3.020000e+02 2.049562e+01
3.024000e+02 1.965812e+01
3.028000e+02 1.877783e+01
3.032000e+02 1.786452e+01
3.036000e+02 1.689063e+01
3.040000e+02 1.587242e+01
3.044000e+02 1.479319e+01
3.048000e+02 1.364564e+01
3.052000e+02 1.239030e+01
3.056000e+02 1.100243e+01
3.060000e+02 9.426926e+00
3.064000e+02 7.549363e+00
3.068000e+02 5.031974e+00
3.072000e+02 0.000000e+00
