0.000000e+00 9.300000e+01
4.000000e-01 9.300000e+01
8.000000e-01 9.300000e+01
1.200000e+00 9.300000e+01
1.600000e+00 9.300000e+01
2.000000e+00 9.300000e+01
2.400000e+00 9.300000e+01
2.800000e+00 9.300000e+01
3.200000e+00 9.300000e+01
3.600000e+00 9.300000e+01
4.000000e+00 9.300000e+01
4.400000e+00 9.300000e+01
4.800000e+00 9.300000e+01
5.200000e+00 9.300000e+01
5.600000e+00 9.300000e+01
6.000000e+00 9.300000e+01
6.400000e+00 9.300000e+01
6.800000e+00 9.300000e+01
7.200000e+00 9.300000e+01
7.600000e+00 9.300000e+01
8.000000e+00 9.300000e+01
8.400000e+00 9.300000e+01
8.800000e+00 9.300000e+01
9.200000e+00 9.300000e+01
9.600000e+00 9.300000e+01
1.000000e+01 9.300000e+01
1.040000e+01 9.300000e+01
1.080000e+01 9.300000e+01
1.120000e+01 9.300000e+01
1.160000e+01 9.300000e+01
1.200000e+01 9.300000e+01
1.240000e+01 9.300000e+01
1.280000e+01 9.300000e+01
1.320000e+01 9.300000e+01
1.360000e+01 9.300000e+01
1.400000e+01 9.300000e+01
1.440000e+01 9.300000e+01
1.480000e+01 9.300000e+01
1.520000e+01 9.300000e+01
1.560000e+01 9.300000e+01
1.600000e+01 9.300000e+01
1.640000e+01 9.300000e+01
1.680000e+01 9.300000e+01
1.720000e+01 9.300000e+01
1.760000e+01 9.300000e+01
1.800000e+01 9.300000e+01
1.840000e+01 9.300000e+01
1.880000e+01 9.300000e+01
1.920000e+01 9.300000e+01
1.960000e+01 9.300000e+01
2.000000e+01 9.300000e+01
2.040000e+01 9.300000e+01
2.080000e+01 9.299999e+01
2.120000e+01 9.299999e+01
2.160000e+01 9.299999e+01
2.200000e+01 9.299999e+01
2.240000e+01 9.299998e+01
2.280000e+01 9.299998e+01
2.320000e+01 9.299997e+01
2.360000e+01 9.299996e+01
2.400000e+01 9.299995e+01
2.440000e+01 9.299994e+01
2.480000e+01 9.299992e+01
2.520000e+01 9.299990e+01
2.560000e+01 9.299988e+01
2.600000e+01 9.299985e+01
2.640000e+01 9.299981e+01
2.680000e+01 9.299978e+01
2.720000e+01 9.299973e+01
2.760000e+01 9.299968e+01
2.800000e+01 9.299961e+01
2.840000e+01 9.299954e+01
2.880000e+01 9.299945e+01
2.920000e+01 9.299936e+01
2.960000e+01 9.299925e+01
3.000000e+01 9.299912e+01
3.040000e+01 9.299897e+01
3.080000e+01 9.299881e+01
3.120000e+01 9.299862e+01
3.160000e+01 9.299841e+01
3.200000e+01 9.299818e+01
3.240000e+01 9.299791e+01
3.280000e+01 9.299762e+01
3.320000e+01 9.299729e+01
3.360000e+01 9.299693e+01
3.400000e+01 9.299652e+01
3.440000e+01 9.299607e+01
3.480000e+01 9.299558e+01
3.520000e+01 9.299504e+01
3.560000e+01 9.299444e+01
3.600000e+01 9.299379e+01
3.640000e+01 9.299307e+01
3.680000e+01 9.299229e+01
3.720000e+01 9.299143e+01
3.760000e+01 9.299051e+01
3.800000e+01 9.298950e+01
3.840000e+01 9.298841e+01
3.880000e+01 9.298723e+01
3.920000e+01 9.298595e+01
3.960000e+01 9.298458e+01
4.000000e+01 9.298309e+01
4.040000e+01 9.298150e+01
4.080000e+01 9.297978e+01
4.120000e+01 9.297794e+01
4.160000e+01 9.297597e+01
4.200000e+01 9.297387e+01
4.240000e+01 9.297161e+01
4.280000e+01 9.296921e+01
4.320000e+01 9.296665e+01
4.360000e+01 9.296392e+01
4.400000e+01 9.296102e+01
4.440000e+01 9.295793e+01
4.480000e+01 9.295466e+01
4.520000e+01 9.295119e+01
4.560000e+01 9.294752e+01
4.600000e+01 9.294363e+01
4.640000e+01 9.293952e+01
4.680000e+01 9.293517e+01
4.720000e+01 9.293059e+01
4.760000e+01 9.292576e+01
4.800000e+01 9.292067e+01
4.840000e+01 9.291531e+01
4.880000e+01 9.290968e+01
4.920000e+01 9.290376e+01
4.960000e+01 9.289754e+01
5.000000e+01 9.289101e+01
5.040000e+01 9.288417e+01
5.080000e+01 9.287700e+01
5.120000e+01 9.286949e+01
5.160000e+01 9.286163e+01
5.200000e+01 9.285342e+01
5.240000e+01 9.284483e+01
5.280000e+01 9.283586e+01
5.320000e+01 9.282650e+01
5.360000e+01 9.281673e+01
5.400000e+01 9.280655e+01
5.440000e+01 9.279594e+01
5.480000e+01 9.278489e+01
5.520000e+01 9.277338e+01
5.560000e+01 9.276142e+01
5.600000e+01 9.274898e+01
5.640000e+01 9.273604e+01
5.680000e+01 9.272261e+01
5.720000e+01 9.270866e+01
5.760000e+01 9.269418e+01
5.800000e+01 9.267917e+01
5.840000e+01 9.266360e+01
5.880000e+01 9.264746e+01
5.920000e+01 9.263074e+01
5.960000e+01 9.261342e+01
6.000000e+01 9.259550e+01
6.040000e+01 9.257695e+01
6.080000e+01 9.255776e+01
6.120000e+01 9.253792e+01
6.160000e+01 9.251742e+01
6.200000e+01 9.249623e+01
6.240000e+01 9.247435e+01
6.280000e+01 9.245176e+01
6.320000e+01 9.242843e+01
6.360000e+01 9.240437e+01
6.400000e+01 9.237954e+01
6.440000e+01 9.235395e+01
6.480000e+01 9.232756e+01
6.520000e+01 9.230036e+01
6.560000e+01 9.227234e+01
6.600000e+01 9.224348e+01
6.640000e+01 9.221376e+01
6.680000e+01 9.218317e+01
6.720000e+01 9.215169e+01
6.760000e+01 9.211929e+01
6.800000e+01 9.208597e+01
6.840000e+01 9.205170e+01
6.880000e+01 9.201647e+01
6.920000e+01 9.198025e+01
6.960000e+01 9.194304e+01
7.000000e+01 9.190480e+01
7.040000e+01 9.186552e+01
7.080000e+01 9.182517e+01
7.120000e+01 9.178375e+01
7.160000e+01 9.174123e+01
7.200000e+01 9.169758e+01
7.240000e+01 9.165280e+01
7.280000e+01 9.160684e+01
7.320000e+01 9.155971e+01
7.360000e+01 9.151136e+01
7.400000e+01 9.146178e+01
7.440000e+01 9.141095e+01
7.480000e+01 9.135885e+01
7.520000e+01 9.130544e+01
7.560000e+01 9.125071e+01
7.600000e+01 9.119463e+01
7.640000e+01 9.113717e+01
7.680000e+01 9.107832e+01
7.720000e+01 9.101804e+01
7.760000e+01 9.095631e+01
7.800000e+01 9.089311e+01
7.840000e+01 9.082839e+01
7.880000e+01 9.076215e+01
7.920000e+01 9.069434e+01
7.960000e+01 9.062494e+01
8.000000e+01 9.055392e+01
8.040000e+01 9.048125e+01
8.080000e+01 9.040689e+01
8.120000e+01 9.033083e+01
8.160000e+01 9.025301e+01
8.200000e+01 9.017342e+01
8.240000e+01 9.009202e+01
8.280000e+01 9.000876e+01
8.320000e+01 8.992363e+01
8.360000e+01 8.983657e+01
8.400000e+01 8.974756e+01
8.440000e+01 8.965655e+01
8.480000e+01 8.956351e+01
8.520000e+01 8.946840e+01
8.560000e+01 8.937116e+01
8.600000e+01 8.927178e+01
8.640000e+01 8.917019e+01
8.680000e+01 8.906635e+01
8.720000e+01 8.896022e+01
8.760000e+01 8.885176e+01
8.800000e+01 8.874090e+01
8.840000e+01 8.862761e+01
8.880000e+01 8.851184e+01
8.920000e+01 8.839352e+01
8.960000e+01 8.827260e+01
9.000000e+01 8.814903e+01
9.040000e+01 8.802275e+01
9.080000e+01 8.789371e+01
9.120000e+01 8.776183e+01
9.160000e+01 8.762705e+01
9.200000e+01 8.748931e+01
9.240000e+01 8.734854e+01
9.280000e+01 8.720467e+01
9.320000e+01 8.705763e+01
9.360000e+01 8.690734e+01
9.400000e+01 8.675372e+01
9.440000e+01 8.659668e+01
9.480000e+01 8.643616e+01
9.520000e+01 8.627205e+01
9.560000e+01 8.610426e+01
9.600000e+01 8.593271e+01
9.640000e+01 8.575729e+01
9.680000e+01 8.557790e+01
9.720000e+01 8.539442e+01
9.760000e+01 8.520676e+01
9.800000e+01 8.501479e+01
9.840000e+01 8.481839e+01
9.880000e+01 8.461743e+01
9.920000e+01 8.441178e+01
9.960000e+01 8.420130e+01
1.000000e+02 8.398584e+01
1.004000e+02 8.376524e+01
1.008000e+02 8.353935e+01
1.012000e+02 8.330800e+01
1.016000e+02 8.307100e+01
1.020000e+02 8.282817e+01
1.024000e+02 8.257930e+01
1.028000e+02 8.232419e+01
1.032000e+02 8.206262e+01
1.036000e+02 8.179434e+01
1.040000e+02 8.151912e+01
1.044000e+02 8.123667e+01
1.048000e+02 8.094673e+01
1.052000e+02 8.064899e+01
1.056000e+02 8.034312e+01
1.060000e+02 8.002879e+01
1.064000e+02 7.970564e+01
1.068000e+02 7.937326e+01
1.072000e+02 7.903123e+01
1.076000e+02 7.867911e+01
1.080000e+02 7.831639e+01
1.084000e+02 7.794255e+01
1.088000e+02 7.755702e+01
1.092000e+02 7.715916e+01
1.096000e+02 7.674830e+01
1.100000e+02 7.632370e+01
1.104000e+02 7.588452e+01
1.108000e+02 7.542989e+01
1.112000e+02 7.495881e+01
1.116000e+02 7.447017e+01
1.120000e+02 7.396277e+01
1.124000e+02 7.343523e+01
1.128000e+02 7.288602e+01
1.132000e+02 7.231341e+01
1.136000e+02 7.171544e+01
1.140000e+02 7.108988e+01
1.144000e+02 7.043413e+01
1.148000e+02 6.974523e+01
1.152000e+02 6.901967e+01
1.156000e+02 6.825337e+01
1.160000e+02 6.744142e+01
1.164000e+02 6.657793e+01
1.168000e+02 6.565573e+01
1.172000e+02 6.466591e+01
1.176000e+02 6.359728e+01
1.180000e+02 6.243548e+01
1.184000e+02 6.116169e+01
1.188000e+02 5.975062e+01
1.192000e+02 5.816741e+01
1.196000e+02 5.636266e+01
1.200000e+02 5.426519e+01
1.204000e+02 5.177447e+01
1.208000e+02 4.877209e+01
1.212000e+02 4.523643e+01
1.216000e+02 4.152512e+01
1.220000e+02 3.824445e+01
1.224000e+02 3.561254e+01
1.228000e+02 3.351707e+01
1.232000e+02 3.180768e+01
1.236000e+02 3.037469e+01
1.240000e+02 2.914512e+01
1.244000e+02 2.807009e+01
1.248000e+02 2.711595e+01
1.252000e+02 2.625875e+01
1.256000e+02 2.548093e+01
1.260000e+02 2.476928e+01
1.264000e+02 2.411363e+01
1.268000e+02 2.350598e+01
1.272000e+02 2.293993e+01
1.276000e+02 2.241030e+01
1.280000e+02 2.191282e+01
1.284000e+02 2.144392e+01
1.288000e+02 2.100061e+01
1.292000e+02 2.058035e+01
1.296000e+02 2.018096e+01
1.300000e+02 1.980056e+01
1.304000e+02 1.943751e+01
1.308000e+02 1.909038e+01
1.312000e+02 1.875791e+01
1.316000e+02 1.843899e+01
1.320000e+02 1.813261e+01
1.324000e+02 1.783791e+01
1.328000e+02 1.755408e+01
1.332000e+02 1.728040e+01
1.336000e+02 1.701623e+01
1.340000e+02 1.676099e+01
1.344000e+02 1.651413e+01
1.348000e+02 1.627518e+01
1.352000e+02 1.604369e+01
1.356000e+02 1.581924e+01
1.360000e+02 1.560147e+01
1.364000e+02 1.539002e+01
1.368000e+02 1.518458e+01
1.372000e+02 1.498485e+01
1.376000e+02 1.479055e+01
1.380000e+02 1.460143e+01
1.384000e+02 1.441725e+01
1.388000e+02 1.423779e+01
1.392000e+02 1.406284e+01
1.396000e+02 1.389221e+01
1.400000e+02 1.372571e+01
1.404000e+02 1.356318e+01
1.408000e+02 1.340445e+01
1.412000e+02 1.324938e+01
1.416000e+02 1.309782e+01
1.420000e+02 1.294963e+01
1.424000e+02 1.280470e+01
1.428000e+02 1.266289e+01
1.432000e+02 1.252411e+01
1.436000e+02 1.238823e+01
1.440000e+02 1.225516e+01
1.444000e+02 1.212481e+01
1.448000e+02 1.199708e+01
1.452000e+02 1.187188e+01
1.456000e+02 1.174913e+01
1.460000e+02 1.162875e+01
1.464000e+02 1.151067e+01
1.468000e+02 1.139481e+01
1.472000e+02 1.128111e+01
1.476000e+02 1.116950e+01
1.480000e+02 1.105991e+01
1.484000e+02 1.095230e+01
1.488000e+02 1.084659e+01
1.492000e+02 1.074274e+01
1.496000e+02 1.064070e+01
1.500000e+02 1.054041e+01
1.504000e+02 1.044182e+01
1.508000e+02 1.034488e+01
1.512000e+02 1.024956e+01
1.516000e+02 1.015582e+01
1.520000e+02 1.006360e+01
1.524000e+02 9.972863e+00
1.528000e+02 9.883583e+00
1.532000e+02 9.795716e+00
1.536000e+02 9.709227e+00
1.540000e+02 9.624083e+00
1.544000e+02 9.540250e+00
1.548000e+02 9.457697e+00
1.552000e+02 9.376392e+00
1.556000e+02 9.296306e+00
1.560000e+02 9.217410e+00
1.564000e+02 9.139678e+00
1.568000e+02 9.063081e+00
1.572000e+02 8.987594e+00
1.576000e+02 8.913192e+00
1.580000e+02 8.839851e+00
1.584000e+02 8.767548e+00
1.588000e+02 8.696259e+00
1.592000e+02 8.625962e+00
1.596000e+02 8.556637e+00
1.600000e+02 8.488262e+00
1.604000e+02 8.420818e+00
1.608000e+02 8.354285e+00
1.612000e+02 8.288644e+00
1.616000e+02 8.223877e+00
1.620000e+02 8.159966e+00
1.624000e+02 8.096894e+00
1.628000e+02 8.034644e+00
1.632000e+02 7.973200e+00
1.636000e+02 7.912545e+00
1.640000e+02 7.852665e+00
1.644000e+02 7.793545e+00
1.648000e+02 7.735169e+00
1.652000e+02 7.677524e+00
1.656000e+02 7.620596e+00
1.660000e+02 7.564372e+00
1.664000e+02 7.508838e+00
1.668000e+02 7.453982e+00
1.672000e+02 7.399791e+00
1.676000e+02 7.346253e+00
1.680000e+02 7.293357e+00
1.684000e+02 7.241091e+00
1.688000e+02 7.189443e+00
1.692000e+02 7.138404e+00
1.696000e+02 7.087961e+00
1.700000e+02 7.038106e+00
1.704000e+02 6.988827e+00
1.708000e+02 6.940115e+00
1.712000e+02 6.891961e+00
1.716000e+02 6.844354e+00
1.720000e+02 6.797286e+00
1.724000e+02 6.750747e+00
1.728000e+02 6.704729e+00
1.732000e+02 6.659224e+00
1.736000e+02 6.614223e+00
1.740000e+02 6.569717e+00
1.744000e+02 6.525699e+00
1.748000e+02 6.482161e+00
1.752000e+02 6.439096e+00
1.756000e+02 6.396495e+00
1.760000e+02 6.354352e+00
1.764000e+02 6.312660e+00
1.768000e+02 6.271410e+00
1.772000e+02 6.230598e+00
1.776000e+02 6.190215e+00
1.780000e+02 6.150256e+00
1.784000e+02 6.110713e+00
1.788000e+02 6.071581e+00
1.792000e+02 6.032854e+00
1.796000e+02 5.994525e+00
1.800000e+02 5.956589e+00
1.804000e+02 5.919040e+00
1.808000e+02 5.881872e+00
1.812000e+02 5.845080e+00
1.816000e+02 5.808657e+00
1.820000e+02 5.772600e+00
1.824000e+02 5.736902e+00
1.828000e+02 5.701559e+00
1.832000e+02 5.666566e+00
1.836000e+02 5.631917e+00
1.840000e+02 5.597608e+00
1.844000e+02 5.563634e+00
1.848000e+02 5.529991e+00
1.852000e+02 5.496673e+00
1.856000e+02 5.463678e+00
1.860000e+02 5.430999e+00
1.864000e+02 5.398633e+00
1.868000e+02 5.366575e+00
1.872000e+02 5.334822e+00
1.876000e+02 5.303369e+00
1.880000e+02 5.272213e+00
1.884000e+02 5.241350e+00
1.888000e+02 5.210775e+00
1.892000e+02 5.180484e+00
1.896000e+02 5.150475e+00
1.900000e+02 5.120744e+00
1.904000e+02 5.091287e+00
1.908000e+02 5.062100e+00
1.912000e+02 5.033180e+00
1.916000e+02 5.004524e+00
1.920000e+02 4.976128e+00
1.924000e+02 4.947989e+00
1.928000e+02 4.920104e+00
1.932000e+02 4.892469e+00
1.936000e+02 4.865082e+00
1.940000e+02 4.837940e+00
1.944000e+02 4.811039e+00
1.948000e+02 4.784377e+00
1.952000e+02 4.757950e+00
1.956000e+02 4.731756e+00
1.960000e+02 4.705793e+00
1.964000e+02 4.680056e+00
1.968000e+02 4.654544e+00
1.972000e+02 4.629254e+00
1.976000e+02 4.604183e+00
1.980000e+02 4.579328e+00
1.984000e+02 4.554688e+00
1.988000e+02 4.530259e+00
1.992000e+02 4.506040e+00
1.996000e+02 4.482027e+00
2.000000e+02 4.458218e+00
2.004000e+02 4.434612e+00
2.008000e+02 4.411205e+00
2.012000e+02 4.387995e+00
2.016000e+02 4.364981e+00
2.020000e+02 4.342160e+00
2.024000e+02 4.319529e+00
2.028000e+02 4.297087e+00
2.032000e+02 4.274831e+00
2.036000e+02 4.252760e+00
2.040000e+02 4.230872e+00
2.044000e+02 4.209163e+00
2.048000e+02 4.187633e+00
2.052000e+02 4.166280e+00
2.056000e+02 4.145101e+00
2.060000e+02 4.124095e+00
2.064000e+02 4.103259e+00
2.068000e+02 4.082592e+00
2.072000e+02 4.062093e+00
2.076000e+02 4.041758e+00
2.080000e+02 4.021588e+00
2.084000e+02 4.001579e+00
2.088000e+02 3.981730e+00
2.092000e+02 3.962040e+00
2.096000e+02 3.942506e+00
2.100000e+02 3.923127e+00
2.104000e+02 3.903902e+00
2.108000e+02 3.884829e+00
2.112000e+02 3.865906e+00
2.116000e+02 3.847132e+00
2.120000e+02 3.828505e+00
2.124000e+02 3.810023e+00
2.128000e+02 3.791686e+00
2.132000e+02 3.773492e+00
2.136000e+02 3.755439e+00
2.140000e+02 3.737525e+00
2.144000e+02 3.719750e+00
2.148000e+02 3.702113e+00
2.152000e+02 3.684611e+00
2.156000e+02 3.667243e+00
2.160000e+02 3.650008e+00
2.164000e+02 3.632905e+00
2.168000e+02 3.615932e+00
2.172000e+02 3.599088e+00
2.176000e+02 3.582372e+00
2.180000e+02 3.565782e+00
2.184000e+02 3.549318e+00
2.188000e+02 3.532978e+00
2.192000e+02 3.516761e+00
2.196000e+02 3.500665e+00
2.200000e+02 3.484690e+00
2.204000e+02 3.468834e+00
2.208000e+02 3.453096e+00
2.212000e+02 3.437475e+00
2.216000e+02 3.421970e+00
2.220000e+02 3.406580e+00
2.224000e+02 3.391304e+00
2.228000e+02 3.376140e+00
2.232000e+02 3.361088e+00
2.236000e+02 3.346146e+00
2.240000e+02 3.331313e+00
2.244000e+02 3.316589e+00
2.248000e+02 3.301973e+00
2.252000e+02 3.287463e+00
2.256000e+02 3.273058e+00
2.260000e+02 3.258757e+00
2.264000e+02 3.244560e+00
2.268000e+02 3.230466e+00
2.272000e+02 3.216472e+00
2.276000e+02 3.202580e+00
2.280000e+02 3.188787e+00
2.284000e+02 3.175093e+00
2.288000e+02 3.161496e+00
2.292000e+02 3.147997e+00
2.296000e+02 3.134593e+00
2.300000e+02 3.121285e+00
2.304000e+02 3.108071e+00
2.308000e+02 3.094950e+00
2.312000e+02 3.081922e+00
2.316000e+02 3.068986e+00
2.320000e+02 3.056140e+00
2.324000e+02 3.043385e+00
2.328000e+02 3.030718e+00
2.332000e+02 3.018141e+00
2.336000e+02 3.005651e+00
2.340000e+02 2.993247e+00
2.344000e+02 2.980930e+00
2.348000e+02 2.968698e+00
2.352000e+02 2.956551e+00
2.356000e+02 2.944487e+00
2.360000e+02 2.932507e+00
2.364000e+02 2.920608e+00
2.368000e+02 2.908792e+00
2.372000e+02 2.897056e+00
2.376000e+02 2.885400e+00
2.380000e+02 2.873824e+00
2.384000e+02 2.862326e+00
2.388000e+02 2.850906e+00
2.392000e+02 2.839564e+00
2.396000e+02 2.828299e+00
2.400000e+02 2.817109e+00
2.404000e+02 2.805994e+00
2.408000e+02 2.794955e+00
2.412000e+02 2.783989e+00
2.416000e+02 2.773096e+00
2.420000e+02 2.762277e+00
2.424000e+02 2.751529e+00
2.428000e+02 2.740853e+00
2.432000e+02 2.730247e+00
2.436000e+02 2.719712e+00
2.440000e+02 2.709246e+00
2.444000e+02 2.698850e+00
2.448000e+02 2.688521e+00
2.452000e+02 2.678261e+00
2.456000e+02 2.668068e+00
2.460000e+02 2.657941e+00
2.464000e+02 2.647880e+00
2.468000e+02 2.637885e+00
2.472000e+02 2.627955e+00
2.476000e+02 2.618089e+00
2.480000e+02 2.608287e+00
2.484000e+02 2.598548e+00
2.488000e+02 2.588871e+00
2.492000e+02 2.579257e+00
2.496000e+02 2.569705e+00
2.500000e+02 2.560214e+00
2.504000e+02 2.550783e+00
2.508000e+02 2.541412e+00
2.512000e+02 2.532101e+00
2.516000e+02 2.522849e+00
2.520000e+02 2.513656e+00
2.524000e+02 2.504520e+00
2.528000e+02 2.495442e+00
2.532000e+02 2.486421e+00
2.536000e+02 2.477457e+00
2.540000e+02 2.468549e+00
2.544000e+02 2.459696e+00
2.548000e+02 2.450899e+00
2.552000e+02 2.442156e+00
2.556000e+02 2.433467e+00
2.560000e+02 2.424832e+00
2.564000e+02 2.416251e+00
2.568000e+02 2.407722e+00
2.572000e+02 2.399246e+00
2.576000e+02 2.390822e+00
2.580000e+02 2.382449e+00
2.584000e+02 2.374128e+00
2.588000e+02 2.365857e+00
2.592000e+02 2.357636e+00
2.596000e+02 2.349465e+00
2.600000e+02 2.341344e+00
2.604000e+02 2.333271e+00
2.608000e+02 2.325247e+00
2.612000e+02 2.317272e+00
2.616000e+02 2.309344e+00
2.620000e+02 2.301464e+00
2.624000e+02 2.293630e+00
2.628000e+02 2.285843e+00
2.632000e+02 2.278103e+00
2.636000e+02 2.270408e+00
2.640000e+02 2.262759e+00
2.644000e+02 2.255154e+00
2.648000e+02 2.247595e+00
2.652000e+02 2.240080e+00
2.656000e+02 2.232608e+00
2.660000e+02 2.225181e+00
2.664000e+02 2.217796e+00
2.668000e+02 2.210455e+00
2.672000e+02 2.203156e+00
2.676000e+02 2.195900e+00
2.680000e+02 2.188685e+00
2.684000e+02 2.181511e+00
2.688000e+02 2.174379e+00
2.692000e+02 2.167288e+00
2.696000e+02 2.160237e+00
2.700000e+02 2.153227e+00
2.704000e+02 2.146256e+00
2.708000e+02 2.139325e+00
2.712000e+02 2.132433e+00
2.716000e+02 2.125580e+00
2.720000e+02 2.118765e+00
2.724000e+02 2.111989e+00
2.728000e+02 2.105251e+00
2.732000e+02 2.098550e+00
2.736000e+02 2.091887e+00
2.740000e+02 2.085261e+00
2.744000e+02 2.078671e+00
2.748000e+02 2.072118e+00
2.752000e+02 2.065602e+00
2.756000e+02 2.059121e+00
2.760000e+02 2.052675e+00
2.764000e+02 2.046265e+00
2.768000e+02 2.039890e+00
2.772000e+02 2.033550e+00
2.776000e+02 2.027245e+00
2.780000e+02 2.020973e+00
2.784000e+02 2.014736e+00
2.788000e+02 2.008532e+00
2.792000e+02 2.002361e+00
2.796000e+02 1.996224e+00
2.800000e+02 1.990119e+00
2.804000e+02 1.984048e+00
2.808000e+02 1.978008e+00
2.812000e+02 1.972001e+00
2.816000e+02 1.966025e+00
2.820000e+02 1.960082e+00
2.824000e+02 1.954169e+00
2.828000e+02 1.948288e+00
2.832000e+02 1.942437e+00
2.836000e+02 1.936618e+00
2.840000e+02 1.930828e+00
2.844000e+02 1.925069e+00
2.848000e+02 1.919340e+00
2.852000e+02 1.913640e+00
2.856000e+02 1.907970e+00
2.860000e+02 1.902330e+00
2.864000e+02 1.896718e+00
2.868000e+02 1.891135e+00
2.872000e+02 1.885581e+00
2.876000e+02 1.880055e+00
2.880000e+02 1.874557e+00
2.884000e+02 1.869087e+00
2.888000e+02 1.863645e+00
2.892000e+02 1.858231e+00
2.896000e+02 1.852844e+00
2.900000e+02 1.847484e+00
2.904000e+02 1.842151e+00
2.908000e+02 1.836844e+00
2.912000e+02 1.831564e+00
2.916000e+02 1.826311e+00
2.920000e+02 1.821083e+00
2.924000e+02 1.815882e+00
2.928000e+02 1.810706e+00
2.932000e+02 1.805556e+00
2.936000e+02 1.800431e+00
2.940000e+02 1.795331e+00
2.944000e+02 1.790257e+00
2.948000e+02 1.785207e+00
2.952000e+02 1.780182e+00
2.956000e+02 1.775181e+00
2.960000e+02 1.770204e+00
2.964000e+02 1.765252e+00
2.968000e+02 1.760323e+00
2.972000e+02 1.755419e+00
2.976000e+02 1.750537e+00
2.980000e+02 1.745679e+00
2.984000e+02 1.740845e+00
2.988000e+02 1.736033e+00
2.992000e+02 1.731245e+00
2.996000e+02 1.726479e+00
3.000000e+02 1.721735e+00
3.004000e+02 1.717014e+00
3.008000e+02 1.712316e+00
3.012000e+02 1.707639e+00
3.016000e+02 1.702984e+00
3.020000e+02 1.698351e+00
3.024000e+02 1.693740e+00
3.028000e+02 1.689150e+00
3.032000e+02 1.684582e+00
3.036000e+02 1.680034e+00
3.040000e+02 1.675508e+00
3.044000e+02 1.671003e+00
3.048000e+02 1.666518e+00
3.052000e+02 1.662054e+00
3.056000e+02 1.657610e+00
3.060000e+02 1.653187e+00
3.064000e+02 1.648784e+00
3.068000e+02 1.644400e+00
3.072000e+02 1.640037e+00
3.076000e+02 1.635694e+00
3.080000e+02 1.631370e+00
3.084000e+02 1.627065e+00
3.088000e+02 1.622780e+00
3.092000e+02 1.618514e+00
3.096000e+02 1.614267e+00
3.100000e+02 1.610039e+00
3.104000e+02 1.605830e+00
3.108000e+02 1.601640e+00
3.112000e+02 1.597468e+00
3.116000e+02 1.593315e+00
3.120000e+02 1.589180e+00
3.124000e+02 1.585063e+00
3.128000e+02 1.580964e+00
3.132000e+02 1.576883e+00
3.136000e+02 1.572820e+00
3.140000e+02 1.568775e+00
3.144000e+02 1.564748e+00
3.148000e+02 1.560737e+00
3.152000e+02 1.556745e+00
3.156000e+02 1.552769e+00
3.160000e+02 1.548811e+00
3.164000e+02 1.544869e+00
3.168000e+02 1.540945e+00
3.172000e+02 1.537037e+00
3.176000e+02 1.533147e+00
3.180000e+02 1.529272e+00
3.184000e+02 1.525414e+00
3.188000e+02 1.521573e+00
3.192000e+02 1.517748e+00
3.196000e+02 1.513939e+00
3.200000e+02 1.510146e+00
3.204000e+02 1.506369e+00
3.208000e+02 1.502608e+00
3.212000e+02 1.498862e+00
3.216000e+02 1.495133e+00
3.220000e+02 1.491418e+00
3.224000e+02 1.487720e+00
3.228000e+02 1.484036e+00
3.232000e+02 1.480368e+00
3.236000e+02 1.476716e+00
3.240000e+02 1.473078e+00
3.244000e+02 1.469455e+00
3.248000e+02 1.465847e+00
3.252000e+02 1.462254e+00
3.256000e+02 1.458675e+00
3.260000e+02 1.455112e+00
3.264000e+02 1.451562e+00
3.268000e+02 1.448027e+00
3.272000e+02 1.444507e+00
3.276000e+02 1.441001e+00
3.280000e+02 1.437508e+00
3.284000e+02 1.434030e+00
3.288000e+02 1.430566e+00
3.292000e+02 1.427116e+00
3.296000e+02 1.423680e+00
3.300000e+02 1.420257e+00
3.304000e+02 1.416848e+00
3.308000e+02 1.413453e+00
3.312000e+02 1.410071e+00
3.316000e+02 1.406703e+00
3.320000e+02 1.403348e+00
3.324000e+02 1.400006e+00
3.328000e+02 1.396677e+00
3.332000e+02 1.393362e+00
3.336000e+02 1.390059e+00
3.340000e+02 1.386769e+00
3.344000e+02 1.383493e+00
3.348000e+02 1.380229e+00
3.352000e+02 1.376977e+00
3.356000e+02 1.373739e+00
3.360000e+02 1.370513e+00
3.364000e+02 1.367299e+00
3.368000e+02 1.364098e+00
3.372000e+02 1.360909e+00
3.376000e+02 1.357733e+00
3.380000e+02 1.354568e+00
3.384000e+02 1.351416e+00
3.388000e+02 1.348276e+00
3.392000e+02 1.345148e+00
3.396000e+02 1.342032e+00
3.400000e+02 1.338927e+00
3.404000e+02 1.335835e+00
3.408000e+02 1.332754e+00
3.412000e+02 1.329684e+00
3.416000e+02 1.326627e+00
3.420000e+02 1.323581e+00
3.424000e+02 1.320546e+00
3.428000e+02 1.317523e+00
3.432000e+02 1.314511e+00
3.436000e+02 1.311510e+00
3.440000e+02 1.308521e+00
3.444000e+02 1.305542e+00
3.448000e+02 1.302575e+00
3.452000e+02 1.299619e+00
3.456000e+02 1.296673e+00
3.460000e+02 1.293739e+00
3.464000e+02 1.290815e+00
3.468000e+02 1.287902e+00
3.472000e+02 1.285000e+00
3.476000e+02 1.282109e+00
3.480000e+02 1.279228e+00
3.484000e+02 1.276358e+00
3.488000e+02 1.273498e+00
3.492000e+02 1.270648e+00
3.496000e+02 1.267809e+00
3.500000e+02 1.264980e+00
3.504000e+02 1.262162e+00
3.508000e+02 1.259353e+00
3.512000e+02 1.256555e+00
3.516000e+02 1.253767e+00
3.520000e+02 1.250989e+00
3.524000e+02 1.248221e+00
3.528000e+02 1.245463e+00
3.532000e+02 1.242714e+00
3.536000e+02 1.239976e+00
3.540000e+02 1.237247e+00
3.544000e+02 1.234528e+00
3.548000e+02 1.231819e+00
3.552000e+02 1.229119e+00
3.556000e+02 1.226429e+00
3.560000e+02 1.223748e+00
3.564000e+02 1.221077e+00
3.568000e+02 1.218415e+00
3.572000e+02 1.215763e+00
3.576000e+02 1.213120e+00
3.580000e+02 1.210486e+00
3.584000e+02 1.207861e+00
3.588000e+02 1.205245e+00
3.592000e+02 1.202639e+00
3.596000e+02 1.200042e+00
3.600000e+02 1.197453e+00
3.604000e+02 1.194874e+00
3.608000e+02 1.192304e+00
3.612000e+02 1.189742e+00
3.616000e+02 1.187190e+00
3.620000e+02 1.184646e+00
3.624000e+02 1.182111e+00
3.628000e+02 1.179584e+00
3.632000e+02 1.177067e+00
3.636000e+02 1.174558e+00
3.640000e+02 1.172057e+00
3.644000e+02 1.169565e+00
3.648000e+02 1.167081e+00
3.652000e+02 1.164606e+00
3.656000e+02 1.162140e+00
3.660000e+02 1.159681e+00
3.664000e+02 1.157231e+00
3.668000e+02 1.154790e+00
3.672000e+02 1.152356e+00
3.676000e+02 1.149931e+00
3.680000e+02 1.147514e+00
3.684000e+02 1.145105e+00
3.688000e+02 1.142704e+00
3.692000e+02 1.140311e+00
3.696000e+02 1.137926e+00
3.700000e+02 1.135549e+00
3.704000e+02 1.133180e+00
3.708000e+02 1.130819e+00
3.712000e+02 1.128466e+00
3.716000e+02 1.126120e+00
3.720000e+02 1.123782e+00
3.724000e+02 1.121452e+00
3.728000e+02 1.119130e+00
3.732000e+02 1.116815e+00
3.736000e+02 1.114508e+00
3.740000e+02 1.112209e+00
3.744000e+02 1.109917e+00
3.748000e+02 1.107632e+00
3.752000e+02 1.105355e+00
3.756000e+02 1.103086e+00
3.760000e+02 1.100824e+00
3.764000e+02 1.098569e+00
3.768000e+02 1.096321e+00
3.772000e+02 1.094081e+00
3.776000e+02 1.091848e+00
3.780000e+02 1.089623e+00
3.784000e+02 1.087404e+00
3.788000e+02 1.085193e+00
3.792000e+02 1.082988e+00
3.796000e+02 1.080791e+00
3.800000e+02 1.078601e+00
3.804000e+02 1.076418e+00
3.808000e+02 1.074242e+00
3.812000e+02 1.072073e+00
3.816000e+02 1.069911e+00
3.820000e+02 1.067755e+00
3.824000e+02 1.065607e+00
3.828000e+02 1.063465e+00
3.832000e+02 1.061330e+00
3.836000e+02 1.059202e+00
3.840000e+02 1.057081e+00
3.844000e+02 1.054966e+00
3.848000e+02 1.052858e+00
3.852000e+02 1.050757e+00
3.856000e+02 1.048662e+00
3.860000e+02 1.046574e+00
3.864000e+02 1.044493e+00
3.868000e+02 1.042418e+00
3.872000e+02 1.040349e+00
3.876000e+02 1.038287e+00
3.880000e+02 1.036231e+00
3.884000e+02 1.034182e+00
3.888000e+02 1.032139e+00
3.892000e+02 1.030103e+00
3.896000e+02 1.028072e+00
3.900000e+02 1.026048e+00
3.904000e+02 1.024031e+00
3.908000e+02 1.022019e+00
3.912000e+02 1.020014e+00
3.916000e+02 1.018015e+00
3.920000e+02 1.016022e+00
3.924000e+02 1.014035e+00
3.928000e+02 1.012054e+00
3.932000e+02 1.010080e+00
3.936000e+02 1.008111e+00
3.940000e+02 1.006149e+00
3.944000e+02 1.004192e+00
3.948000e+02 1.002241e+00
3.952000e+02 1.000297e+00
3.956000e+02 9.983579e-01
3.960000e+02 9.964249e-01
3.964000e+02 9.944979e-01
3.968000e+02 9.925767e-01
3.972000e+02 9.906612e-01
3.976000e+02 9.887516e-01
3.980000e+02 9.868477e-01
3.984000e+02 9.849496e-01
3.988000e+02 9.830571e-01
3.992000e+02 9.811703e-01
3.996000e+02 9.792892e-01
