0.000000e+00 9.404520e+01
4.000000e-01 9.404520e+01
8.000000e-01 9.404520e+01
1.200000e+00 9.404520e+01
1.600000e+00 9.404520e+01
2.000000e+00 9.404520e+01
2.400000e+00 9.404520e+01
2.800000e+00 9.404520e+01
3.200000e+00 9.404520e+01
3.600000e+00 9.404520e+01
4.000000e+00 9.404520e+01
4.400000e+00 9.404520e+01
4.800000e+00 9.404520e+01
5.200000e+00 9.404520e+01
5.600000e+00 9.404520e+01
6.000000e+00 9.404520e+01
6.400000e+00 9.404520e+01
6.800000e+00 9.404520e+01
7.200000e+00 9.404520e+01
7.600000e+00 9.404520e+01
8.000000e+00 9.404520e+01
8.400000e+00 9.404520e+01
8.800000e+00 9.404520e+01
9.200000e+00 9.404520e+01
9.600000e+00 9.404520e+01
1.000000e+01 9.404520e+01
1.040000e+01 9.404520e+01
1.080000e+01 9.404520e+01
1.120000e+01 9.404520e+01
1.160000e+01 9.404520e+01
1.200000e+01 9.404520e+01
1.240000e+01 9.404520e+01
1.280000e+01 9.404520e+01
1.320000e+01 9.404520e+01
1.360000e+01 9.404520e+01
1.400000e+01 9.404520e+01
1.440000e+01 9.404520e+01
1.480000e+01 9.404520e+01
1.520000e+01 9.404520e+01
1.560000e+01 9.404520e+01
1.600000e+01 9.404520e+01
1.640000e+01 9.404520e+01
1.680000e+01 9.404520e+01
1.720000e+01 9.404520e+01
1.760000e+01 9.404520e+01
1.800000e+01 9.404520e+01
1.840000e+01 9.404520e+01
1.880000e+01 9.404520e+01
1.920000e+01 9.404520e+01
1.960000e+01 9.404520e+01
2.000000e+01 9.404520e+01
2.040000e+01 9.404520e+01
2.080000e+01 9.404520e+01
2.120000e+01 9.404520e+01
2.160000e+01 9.404520e+01
2.200000e+01 9.404520e+01
2.240000e+01 9.404520e+01
2.280000e+01 9.404519e+01
2.320000e+01 9.404519e+01
2.360000e+01 9.404519e+01
2.400000e+01 9.404519e+01
2.440000e+01 9.404518e+01
2.480000e+01 9.404518e+01
2.520000e+01 9.404517e+01
2.560000e+01 9.404516e+01
2.600000e+01 9.404516e+01
2.640000e+01 9.404514e+01
2.680000e+01 9.404513e+01
2.720000e+01 9.404512e+01
2.760000e+01 9.404510e+01
2.800000e+01 9.404508e+01
2.840000e+01 9.404506e+01
2.880000e+01 9.404503e+01
2.920000e+01 9.404500e+01
2.960000e+01 9.404497e+01
3.000000e+01 9.404493e+01
3.040000e+01 9.404488e+01
3.080000e+01 9.404483e+01
3.120000e+01 9.404477e+01
3.160000e+01 9.404471e+01
3.200000e+01 9.404464e+01
3.240000e+01 9.404455e+01
3.280000e+01 9.404446e+01
3.320000e+01 9.404436e+01
3.360000e+01 9.404424e+01
3.400000e+01 9.404412e+01
3.440000e+01 9.404398e+01
3.480000e+01 9.404382e+01
3.520000e+01 9.404365e+01
3.560000e+01 9.404346e+01
3.600000e+01 9.404326e+01
3.640000e+01 9.404303e+01
3.680000e+01 9.404279e+01
3.720000e+01 9.404252e+01
3.760000e+01 9.404222e+01
3.800000e+01 9.404191e+01
3.840000e+01 9.404156e+01
3.880000e+01 9.404119e+01
3.920000e+01 9.404078e+01
3.960000e+01 9.404035e+01
4.000000e+01 9.403987e+01
4.040000e+01 9.403937e+01
4.080000e+01 9.403882e+01
4.120000e+01 9.403824e+01
4.160000e+01 9.403761e+01
4.200000e+01 9.403693e+01
4.240000e+01 9.403621e+01
4.280000e+01 9.403544e+01
4.320000e+01 9.403462e+01
4.360000e+01 9.403375e+01
4.400000e+01 9.403282e+01
4.440000e+01 9.403183e+01
4.480000e+01 9.403077e+01
4.520000e+01 9.402966e+01
4.560000e+01 9.402847e+01
4.600000e+01 9.402722e+01
4.640000e+01 9.402589e+01
4.680000e+01 9.402448e+01
4.720000e+01 9.402300e+01
4.760000e+01 9.402143e+01
4.800000e+01 9.401978e+01
4.840000e+01 9.401804e+01
4.880000e+01 9.401621e+01
4.920000e+01 9.401428e+01
4.960000e+01 9.401225e+01
5.000000e+01 9.401012e+01
5.040000e+01 9.400789e+01
5.080000e+01 9.400554e+01
5.120000e+01 9.400309e+01
5.160000e+01 9.400051e+01
5.200000e+01 9.399781e+01
5.240000e+01 9.399499e+01
5.280000e+01 9.399204e+01
5.320000e+01 9.398896e+01
5.360000e+01 9.398574e+01
5.400000e+01 9.398239e+01
5.440000e+01 9.397888e+01
5.480000e+01 9.397523e+01
5.520000e+01 9.397142e+01
5.560000e+01 9.396746e+01
5.600000e+01 9.396333e+01
5.640000e+01 9.395904e+01
5.680000e+01 9.395458e+01
5.720000e+01 9.394994e+01
5.760000e+01 9.394512e+01
5.800000e+01 9.394011e+01
5.840000e+01 9.393492e+01
5.880000e+01 9.392953e+01
5.920000e+01 9.392394e+01
5.960000e+01 9.391815e+01
6.000000e+01 9.391214e+01
6.040000e+01 9.390593e+01
6.080000e+01 9.389949e+01
6.120000e+01 9.389283e+01
6.160000e+01 9.388594e+01
6.200000e+01 9.387881e+01
6.240000e+01 9.387144e+01
6.280000e+01 9.386382e+01
6.320000e+01 9.385596e+01
6.360000e+01 9.384783e+01
6.400000e+01 9.383944e+01
6.440000e+01 9.383079e+01
6.480000e+01 9.382186e+01
6.520000e+01 9.381264e+01
6.560000e+01 9.380315e+01
6.600000e+01 9.379335e+01
6.640000e+01 9.378326e+01
6.680000e+01 9.377287e+01
6.720000e+01 9.376216e+01
6.760000e+01 9.375114e+01
6.800000e+01 9.373979e+01
6.840000e+01 9.372811e+01
6.880000e+01 9.371610e+01
6.920000e+01 9.370374e+01
6.960000e+01 9.369103e+01
7.000000e+01 9.367797e+01
7.040000e+01 9.366454e+01
7.080000e+01 9.365074e+01
7.120000e+01 9.363656e+01
7.160000e+01 9.362199e+01
7.200000e+01 9.360704e+01
7.240000e+01 9.359168e+01
7.280000e+01 9.357592e+01
7.320000e+01 9.355974e+01
7.360000e+01 9.354313e+01
7.400000e+01 9.352610e+01
7.440000e+01 9.350863e+01
7.480000e+01 9.349071e+01
7.520000e+01 9.347234e+01
7.560000e+01 9.345350e+01
7.600000e+01 9.343419e+01
7.640000e+01 9.341440e+01
7.680000e+01 9.339412e+01
7.720000e+01 9.337335e+01
7.760000e+01 9.335207e+01
7.800000e+01 9.333027e+01
7.840000e+01 9.330794e+01
7.880000e+01 9.328509e+01
7.920000e+01 9.326168e+01
7.960000e+01 9.323773e+01
8.000000e+01 9.321321e+01
8.040000e+01 9.318811e+01
8.080000e+01 9.316244e+01
8.120000e+01 9.313616e+01
8.160000e+01 9.310929e+01
8.200000e+01 9.308179e+01
8.240000e+01 9.305367e+01
8.280000e+01 9.302491e+01
8.320000e+01 9.299550e+01
8.360000e+01 9.296542e+01
8.400000e+01 9.293467e+01
8.440000e+01 9.290324e+01
8.480000e+01 9.287111e+01
8.520000e+01 9.283826e+01
8.560000e+01 9.280469e+01
8.600000e+01 9.277038e+01
8.640000e+01 9.273532e+01
8.680000e+01 9.269949e+01
8.720000e+01 9.266289e+01
8.760000e+01 9.262548e+01
8.800000e+01 9.258727e+01
8.840000e+01 9.254823e+01
8.880000e+01 9.250835e+01
8.920000e+01 9.246761e+01
8.960000e+01 9.242600e+01
9.000000e+01 9.238350e+01
9.040000e+01 9.234009e+01
9.080000e+01 9.229575e+01
9.120000e+01 9.225046e+01
9.160000e+01 9.220421e+01
9.200000e+01 9.215698e+01
9.240000e+01 9.210874e+01
9.280000e+01 9.205948e+01
9.320000e+01 9.200917e+01
9.360000e+01 9.195779e+01
9.400000e+01 9.190532e+01
9.440000e+01 9.185173e+01
9.480000e+01 9.179701e+01
9.520000e+01 9.174112e+01
9.560000e+01 9.168404e+01
9.600000e+01 9.162574e+01
9.640000e+01 9.156620e+01
9.680000e+01 9.150538e+01
9.720000e+01 9.144325e+01
9.760000e+01 9.137980e+01
9.800000e+01 9.131497e+01
9.840000e+01 9.124874e+01
9.880000e+01 9.118108e+01
9.920000e+01 9.111194e+01
9.960000e+01 9.104129e+01
1.000000e+02 9.096909e+01
1.004000e+02 9.089530e+01
1.008000e+02 9.081988e+01
1.012000e+02 9.074277e+01
1.016000e+02 9.066394e+01
1.020000e+02 9.058333e+01
1.024000e+02 9.050089e+01
1.028000e+02 9.041657e+01
1.032000e+02 9.033030e+01
1.036000e+02 9.024204e+01
1.040000e+02 9.015171e+01
1.044000e+02 9.005924e+01
1.048000e+02 8.996458e+01
1.052000e+02 8.986763e+01
1.056000e+02 8.976833e+01
1.060000e+02 8.966658e+01
1.064000e+02 8.956229e+01
1.068000e+02 8.945538e+01
1.072000e+02 8.934573e+01
1.076000e+02 8.923324e+01
1.080000e+02 8.911779e+01
1.084000e+02 8.899925e+01
1.088000e+02 8.887748e+01
1.092000e+02 8.875235e+01
1.096000e+02 8.862368e+01
1.100000e+02 8.849130e+01
1.104000e+02 8.835503e+01
1.108000e+02 8.821467e+01
1.112000e+02 8.806997e+01
1.116000e+02 8.792071e+01
1.120000e+02 8.776659e+01
1.124000e+02 8.760733e+01
1.128000e+02 8.744257e+01
1.132000e+02 8.727194e+01
1.136000e+02 8.709502e+01
1.140000e+02 8.691132e+01
1.144000e+02 8.672030e+01
1.148000e+02 8.652131e+01
1.152000e+02 8.631363e+01
1.156000e+02 8.609641e+01
1.160000e+02 8.586865e+01
1.164000e+02 8.562915e+01
1.168000e+02 8.537647e+01
1.172000e+02 8.510886e+01
1.176000e+02 8.482415e+01
1.180000e+02 8.451958e+01
1.184000e+02 8.419163e+01
1.188000e+02 8.383565e+01
1.192000e+02 8.344543e+01
1.196000e+02 8.301246e+01
1.200000e+02 8.252515e+01
1.204000e+02 8.196852e+01
1.208000e+02 8.132906e+01
1.212000e+02 8.061923e+01
1.216000e+02 7.992238e+01
1.220000e+02 7.934474e+01
1.224000e+02 7.890474e+01
1.228000e+02 7.856734e+01
1.232000e+02 7.829916e+01
1.236000e+02 7.807817e+01
1.240000e+02 7.789053e+01
1.244000e+02 7.772735e+01
1.248000e+02 7.758267e+01
1.252000e+02 7.745239e+01
1.256000e+02 7.733356e+01
1.260000e+02 7.722399e+01
1.264000e+02 7.712206e+01
1.268000e+02 7.702648e+01
1.272000e+02 7.693626e+01
1.276000e+02 7.685060e+01
1.280000e+02 7.676886e+01
1.284000e+02 7.669049e+01
1.288000e+02 7.661506e+01
1.292000e+02 7.654220e+01
1.296000e+02 7.647159e+01
1.300000e+02 7.640296e+01
1.304000e+02 7.633609e+01
1.308000e+02 7.627076e+01
1.312000e+02 7.620682e+01
1.316000e+02 7.614410e+01
1.320000e+02 7.608248e+01
1.324000e+02 7.602182e+01
1.328000e+02 7.596203e+01
1.332000e+02 7.590302e+01
1.336000e+02 7.584469e+01
1.340000e+02 7.578697e+01
1.344000e+02 7.572980e+01
1.348000e+02 7.567310e+01
1.352000e+02 7.561683e+01
1.356000e+02 7.556093e+01
1.360000e+02 7.550536e+01
1.364000e+02 7.545006e+01
1.368000e+02 7.539501e+01
1.372000e+02 7.534016e+01
1.376000e+02 7.528549e+01
1.380000e+02 7.523095e+01
1.384000e+02 7.517653e+01
1.388000e+02 7.512219e+01
1.392000e+02 7.506791e+01
1.396000e+02 7.501367e+01
1.400000e+02 7.495945e+01
1.404000e+02 7.490521e+01
1.408000e+02 7.485096e+01
1.412000e+02 7.479666e+01
1.416000e+02 7.474230e+01
1.420000e+02 7.468787e+01
1.424000e+02 7.463336e+01
1.428000e+02 7.457873e+01
1.432000e+02 7.452399e+01
1.436000e+02 7.446913e+01
1.440000e+02 7.441412e+01
1.444000e+02 7.435896e+01
1.448000e+02 7.430364e+01
1.452000e+02 7.424815e+01
1.456000e+02 7.419248e+01
1.460000e+02 7.413662e+01
1.464000e+02 7.408055e+01
1.468000e+02 7.402428e+01
1.472000e+02 7.396780e+01
1.476000e+02 7.391109e+01
1.480000e+02 7.385415e+01
1.484000e+02 7.379698e+01
1.488000e+02 7.373956e+01
1.492000e+02 7.368189e+01
1.496000e+02 7.362397e+01
1.500000e+02 7.356578e+01
1.504000e+02 7.350733e+01
1.508000e+02 7.344860e+01
1.512000e+02 7.338960e+01
1.516000e+02 7.333032e+01
1.520000e+02 7.327075e+01
1.524000e+02 7.321088e+01
1.528000e+02 7.315072e+01
1.532000e+02 7.309026e+01
1.536000e+02 7.302950e+01
1.540000e+02 7.296842e+01
1.544000e+02 7.290703e+01
1.548000e+02 7.284533e+01
1.552000e+02 7.278331e+01
1.556000e+02 7.272096e+01
1.560000e+02 7.265829e+01
1.564000e+02 7.259529e+01
1.568000e+02 7.253195e+01
1.572000e+02 7.246828e+01
1.576000e+02 7.240427e+01
1.580000e+02 7.233992e+01
1.584000e+02 7.227522e+01
1.588000e+02 7.221018e+01
1.592000e+02 7.214478e+01
1.596000e+02 7.207904e+01
1.600000e+02 7.201293e+01
1.604000e+02 7.194648e+01
1.608000e+02 7.187966e+01
1.612000e+02 7.181248e+01
1.616000e+02 7.174493e+01
1.620000e+02 7.167702e+01
1.624000e+02 7.160874e+01
1.628000e+02 7.154009e+01
1.632000e+02 7.147107e+01
1.636000e+02 7.140168e+01
1.640000e+02 7.133191e+01
1.644000e+02 7.126176e+01
1.648000e+02 7.119123e+01
1.652000e+02 7.112032e+01
1.656000e+02 7.104903e+01
1.660000e+02 7.097736e+01
1.664000e+02 7.090530e+01
1.668000e+02 7.083285e+01
1.672000e+02 7.076001e+01
1.676000e+02 7.068679e+01
1.680000e+02 7.061317e+01
1.684000e+02 7.053917e+01
1.688000e+02 7.046477e+01
1.692000e+02 7.038997e+01
1.696000e+02 7.031478e+01
1.700000e+02 7.023919e+01
1.704000e+02 7.016320e+01
1.708000e+02 7.008682e+01
1.712000e+02 7.001004e+01
1.716000e+02 6.993285e+01
1.720000e+02 6.985526e+01
1.724000e+02 6.977728e+01
1.728000e+02 6.969888e+01
1.732000e+02 6.962009e+01
1.736000e+02 6.954089e+01
1.740000e+02 6.946128e+01
1.744000e+02 6.938127e+01
1.748000e+02 6.930085e+01
1.752000e+02 6.922003e+01
1.756000e+02 6.913880e+01
1.760000e+02 6.905716e+01
1.764000e+02 6.897511e+01
1.768000e+02 6.889266e+01
1.772000e+02 6.880979e+01
1.776000e+02 6.872652e+01
1.780000e+02 6.864283e+01
1.784000e+02 6.855874e+01
1.788000e+02 6.847424e+01
1.792000e+02 6.838932e+01
1.796000e+02 6.830400e+01
1.800000e+02 6.821826e+01
1.804000e+02 6.813212e+01
1.808000e+02 6.804557e+01
1.812000e+02 6.795860e+01
1.816000e+02 6.787123e+01
1.820000e+02 6.778344e+01
1.824000e+02 6.769525e+01
1.828000e+02 6.760665e+01
1.832000e+02 6.751764e+01
1.836000e+02 6.742822e+01
1.840000e+02 6.733839e+01
1.844000e+02 6.724815e+01
1.848000e+02 6.715751e+01
1.852000e+02 6.706646e+01
1.856000e+02 6.697500e+01
1.860000e+02 6.688313e+01
1.864000e+02 6.679086e+01
1.868000e+02 6.669819e+01
1.872000e+02 6.660511e+01
1.876000e+02 6.651163e+01
1.880000e+02 6.641775e+01
1.884000e+02 6.632346e+01
1.888000e+02 6.622878e+01
1.892000e+02 6.613369e+01
1.896000e+02 6.603821e+01
1.900000e+02 6.594233e+01
1.904000e+02 6.584605e+01
1.908000e+02 6.574938e+01
1.912000e+02 6.565231e+01
1.916000e+02 6.555485e+01
1.920000e+02 6.545700e+01
1.924000e+02 6.535876e+01
1.928000e+02 6.526012e+01
1.932000e+02 6.516110e+01
1.936000e+02 6.506170e+01
1.940000e+02 6.496191e+01
1.944000e+02 6.486173e+01
1.948000e+02 6.476118e+01
1.952000e+02 6.466024e+01
1.956000e+02 6.455893e+01
1.960000e+02 6.445723e+01
1.964000e+02 6.435517e+01
1.968000e+02 6.425273e+01
1.972000e+02 6.414992e+01
1.976000e+02 6.404674e+01
1.980000e+02 6.394319e+01
1.984000e+02 6.383928e+01
1.988000e+02 6.373501e+01
1.992000e+02 6.363037e+01
1.996000e+02 6.352538e+01
2.000000e+02 6.342003e+01
2.004000e+02 6.331432e+01
2.008000e+02 6.320826e+01
2.012000e+02 6.310186e+01
2.016000e+02 6.299510e+01
2.020000e+02 6.288801e+01
2.024000e+02 6.278057e+01
2.028000e+02 6.267279e+01
2.032000e+02 6.256467e+01
2.036000e+02 6.245622e+01
2.040000e+02 6.234744e+01
2.044000e+02 6.223833e+01
2.048000e+02 6.212889e+01
2.052000e+02 6.201913e+01
2.056000e+02 6.190905e+01
2.060000e+02 6.179865e+01
2.064000e+02 6.168794e+01
2.068000e+02 6.157692e+01
2.072000e+02 6.146559e+01
2.076000e+02 6.135395e+01
2.080000e+02 6.124202e+01
2.084000e+02 6.112978e+01
2.088000e+02 6.101725e+01
2.092000e+02 6.090443e+01
2.096000e+02 6.079132e+01
2.100000e+02 6.067793e+01
2.104000e+02 6.056425e+01
2.108000e+02 6.045030e+01
2.112000e+02 6.033607e+01
2.116000e+02 6.022158e+01
2.120000e+02 6.010681e+01
2.124000e+02 5.999178e+01
2.128000e+02 5.987650e+01
2.132000e+02 5.976095e+01
2.136000e+02 5.964516e+01
2.140000e+02 5.952912e+01
2.144000e+02 5.941283e+01
2.148000e+02 5.929630e+01
2.152000e+02 5.917954e+01
2.156000e+02 5.906255e+01
2.160000e+02 5.894532e+01
2.164000e+02 5.882788e+01
2.168000e+02 5.871021e+01
2.172000e+02 5.859233e+01
2.176000e+02 5.847424e+01
2.180000e+02 5.835594e+01
2.184000e+02 5.823744e+01
2.188000e+02 5.811873e+01
2.192000e+02 5.799984e+01
2.196000e+02 5.788075e+01
2.200000e+02 5.776148e+01
2.204000e+02 5.764203e+01
2.208000e+02 5.752240e+01
2.212000e+02 5.740260e+01
2.216000e+02 5.728264e+01
2.220000e+02 5.716251e+01
2.224000e+02 5.704222e+01
2.228000e+02 5.692177e+01
2.232000e+02 5.680118e+01
2.236000e+02 5.668044e+01
2.240000e+02 5.655957e+01
2.244000e+02 5.643856e+01
2.248000e+02 5.631741e+01
2.252000e+02 5.619614e+01
2.256000e+02 5.607475e+01
2.260000e+02 5.595325e+01
2.264000e+02 5.583163e+01
2.268000e+02 5.570990e+01
2.272000e+02 5.558807e+01
2.276000e+02 5.546615e+01
2.280000e+02 5.534413e+01
2.284000e+02 5.522202e+01
2.288000e+02 5.509983e+01
2.292000e+02 5.497757e+01
2.296000e+02 5.485522e+01
2.300000e+02 5.473281e+01
2.304000e+02 5.461034e+01
2.308000e+02 5.448781e+01
2.312000e+02 5.436522e+01
2.316000e+02 5.424258e+01
2.320000e+02 5.411990e+01
2.324000e+02 5.399717e+01
2.328000e+02 5.387442e+01
2.332000e+02 5.375163e+01
2.336000e+02 5.362881e+01
2.340000e+02 5.350598e+01
2.344000e+02 5.338313e+01
2.348000e+02 5.326026e+01
2.352000e+02 5.313739e+01
2.356000e+02 5.301452e+01
2.360000e+02 5.289165e+01
2.364000e+02 5.276879e+01
2.368000e+02 5.264594e+01
2.372000e+02 5.252311e+01
2.376000e+02 5.240030e+01
2.380000e+02 5.227751e+01
2.384000e+02 5.215476e+01
2.388000e+02 5.203204e+01
2.392000e+02 5.190936e+01
2.396000e+02 5.178673e+01
2.400000e+02 5.166414e+01
2.404000e+02 5.154161e+01
2.408000e+02 5.141913e+01
2.412000e+02 5.129672e+01
2.416000e+02 5.117437e+01
2.420000e+02 5.105209e+01
2.424000e+02 5.092989e+01
2.428000e+02 5.080777e+01
2.432000e+02 5.068573e+01
2.436000e+02 5.056378e+01
2.440000e+02 5.044193e+01
2.444000e+02 5.032017e+01
2.448000e+02 5.019851e+01
2.452000e+02 5.007695e+01
2.456000e+02 4.995550e+01
2.460000e+02 4.983417e+01
2.464000e+02 4.971295e+01
2.468000e+02 4.959186e+01
2.472000e+02 4.947088e+01
2.476000e+02 4.935004e+01
2.480000e+02 4.922933e+01
2.484000e+02 4.910876e+01
2.488000e+02 4.898832e+01
2.492000e+02 4.886803e+01
2.496000e+02 4.874789e+01
2.500000e+02 4.862790e+01
2.504000e+02 4.850806e+01
2.508000e+02 4.838838e+01
2.512000e+02 4.826886e+01
2.516000e+02 4.814951e+01
2.520000e+02 4.803032e+01
2.524000e+02 4.791131e+01
2.528000e+02 4.779247e+01
2.532000e+02 4.767381e+01
2.536000e+02 4.755534e+01
2.540000e+02 4.743704e+01
2.544000e+02 4.731894e+01
2.548000e+02 4.720103e+01
2.552000e+02 4.708331e+01
2.556000e+02 4.696578e+01
2.560000e+02 4.684846e+01
2.564000e+02 4.673134e+01
2.568000e+02 4.661443e+01
2.572000e+02 4.649772e+01
2.576000e+02 4.638123e+01
2.580000e+02 4.626495e+01
2.584000e+02 4.614889e+01
2.588000e+02 4.603305e+01
2.592000e+02 4.591743e+01
2.596000e+02 4.580203e+01
2.600000e+02 4.568686e+01
2.604000e+02 4.557192e+01
2.608000e+02 4.545721e+01
2.612000e+02 4.534274e+01
2.616000e+02 4.522850e+01
2.620000e+02 4.511450e+01
2.624000e+02 4.500074e+01
2.628000e+02 4.488723e+01
2.632000e+02 4.477396e+01
2.636000e+02 4.466093e+01
2.640000e+02 4.454816e+01
2.644000e+02 4.443563e+01
2.648000e+02 4.432336e+01
2.652000e+02 4.421135e+01
2.656000e+02 4.409959e+01
2.660000e+02 4.398809e+01
2.664000e+02 4.387685e+01
2.668000e+02 4.376587e+01
2.672000e+02 4.365516e+01
2.676000e+02 4.354471e+01
2.680000e+02 4.343452e+01
2.684000e+02 4.332461e+01
2.688000e+02 4.321496e+01
2.692000e+02 4.310559e+01
2.696000e+02 4.299649e+01
2.700000e+02 4.288766e+01
2.704000e+02 4.277911e+01
2.708000e+02 4.267083e+01
2.712000e+02 4.256283e+01
2.716000e+02 4.245511e+01
2.720000e+02 4.234767e+01
2.724000e+02 4.224052e+01
2.728000e+02 4.213364e+01
2.732000e+02 4.202705e+01
2.736000e+02 4.192074e+01
2.740000e+02 4.181471e+01
2.744000e+02 4.170897e+01
2.748000e+02 4.160352e+01
2.752000e+02 4.149836e+01
2.756000e+02 4.139348e+01
2.760000e+02 4.128890e+01
2.764000e+02 4.118460e+01
2.768000e+02 4.108059e+01
2.772000e+02 4.097688e+01
2.776000e+02 4.087346e+01
2.780000e+02 4.077033e+01
2.784000e+02 4.066749e+01
2.788000e+02 4.056495e+01
2.792000e+02 4.046270e+01
2.796000e+02 4.036075e+01
2.800000e+02 4.025909e+01
2.804000e+02 4.015772e+01
2.808000e+02 4.005665e+01
2.812000e+02 3.995588e+01
2.816000e+02 3.985541e+01
2.820000e+02 3.975523e+01
2.824000e+02 3.965535e+01
2.828000e+02 3.955576e+01
2.832000e+02 3.945648e+01
2.836000e+02 3.935749e+01
2.840000e+02 3.925880e+01
2.844000e+02 3.916040e+01
2.848000e+02 3.906231e+01
2.852000e+02 3.896451e+01
2.856000e+02 3.886701e+01
2.860000e+02 3.876981e+01
2.864000e+02 3.867291e+01
2.868000e+02 3.857631e+01
2.872000e+02 3.848000e+01
2.876000e+02 3.838399e+01
2.880000e+02 3.828828e+01
2.884000e+02 3.819287e+01
2.888000e+02 3.809775e+01
2.892000e+02 3.800293e+01
2.896000e+02 3.790841e+01
2.900000e+02 3.781419e+01
2.904000e+02 3.772027e+01
2.908000e+02 3.762664e+01
2.912000e+02 3.753330e+01
2.916000e+02 3.744027e+01
2.920000e+02 3.734753e+01
2.924000e+02 3.725508e+01
2.928000e+02 3.716293e+01
2.932000e+02 3.707107e+01
2.936000e+02 3.697951e+01
2.940000e+02 3.688825e+01
2.944000e+02 3.679727e+01
2.948000e+02 3.670659e+01
2.952000e+02 3.661621e+01
2.956000e+02 3.652611e+01
2.960000e+02 3.643631e+01
2.964000e+02 3.634680e+01
2.968000e+02 3.625758e+01
2.972000e+02 3.616865e+01
2.976000e+02 3.608001e+01
2.980000e+02 3.599166e+01
2.984000e+02 3.590360e+01
2.988000e+02 3.581583e+01
2.992000e+02 3.572835e+01
2.996000e+02 3.564115e+01
3.000000e+02 3.555424e+01
3.004000e+02 3.546761e+01
3.008000e+02 3.538128e+01
3.012000e+02 3.529522e+01
3.016000e+02 3.520945e+01
3.020000e+02 3.512397e+01
3.024000e+02 3.503876e+01
3.028000e+02 3.495384e+01
3.032000e+02 3.486920e+01
3.036000e+02 3.478485e+01
3.040000e+02 3.470077e+01
3.044000e+02 3.461697e+01
3.048000e+02 3.453345e+01
3.052000e+02 3.445021e+01
3.056000e+02 3.436725e+01
3.060000e+02 3.428456e+01
3.064000e+02 3.420215e+01
3.068000e+02 3.412002e+01
3.072000e+02 3.403815e+01
3.076000e+02 3.395657e+01
3.080000e+02 3.387525e+01
3.084000e+02 3.379421e+01
3.088000e+02 3.371344e+01
3.092000e+02 3.363294e+01
3.096000e+02 3.355271e+01
3.100000e+02 3.347275e+01
3.104000e+02 3.339306e+01
3.108000e+02 3.331364e+01
3.112000e+02 3.323448e+01
3.116000e+02 3.315559e+01
3.120000e+02 3.307696e+01
3.124000e+02 3.299860e+01
3.128000e+02 3.292051e+01
3.132000e+02 3.284267e+01
3.136000e+02 3.276510e+01
3.140000e+02 3.268778e+01
3.144000e+02 3.261073e+01
3.148000e+02 3.253394e+01
3.152000e+02 3.245741e+01
3.156000e+02 3.238113e+01
3.160000e+02 3.230511e+01
3.164000e+02 3.222935e+01
3.168000e+02 3.215384e+01
3.172000e+02 3.207859e+01
3.176000e+02 3.200359e+01
3.180000e+02 3.192884e+01
3.184000e+02 3.185434e+01
3.188000e+02 3.178010e+01
3.192000e+02 3.170610e+01
3.196000e+02 3.163236e+01
3.200000e+02 3.155886e+01
3.204000e+02 3.148561e+01
3.208000e+02 3.141261e+01
3.212000e+02 3.133985e+01
3.216000e+02 3.126734e+01
3.220000e+02 3.119507e+01
3.224000e+02 3.112305e+01
3.228000e+02 3.105126e+01
3.232000e+02 3.097972e+01
3.236000e+02 3.090842e+01
3.240000e+02 3.083736e+01
3.244000e+02 3.076654e+01
3.248000e+02 3.069596e+01
3.252000e+02 3.062561e+01
3.256000e+02 3.055550e+01
3.260000e+02 3.048563e+01
3.264000e+02 3.041598e+01
3.268000e+02 3.034658e+01
3.272000e+02 3.027740e+01
3.276000e+02 3.020846e+01
3.280000e+02 3.013975e+01
3.284000e+02 3.007127e+01
3.288000e+02 3.000302e+01
3.292000e+02 2.993499e+01
3.296000e+02 2.986720e+01
3.300000e+02 2.979963e+01
3.304000e+02 2.973229e+01
3.308000e+02 2.966517e+01
3.312000e+02 2.959827e+01
3.316000e+02 2.953160e+01
3.320000e+02 2.946516e+01
3.324000e+02 2.939893e+01
3.328000e+02 2.933292e+01
3.332000e+02 2.926714e+01
3.336000e+02 2.920157e+01
3.340000e+02 2.913622e+01
3.344000e+02 2.907109e+01
3.348000e+02 2.900618e+01
3.352000e+02 2.894148e+01
3.356000e+02 2.887699e+01
3.360000e+02 2.881272e+01
3.364000e+02 2.874866e+01
3.368000e+02 2.868482e+01
3.372000e+02 2.862118e+01
3.376000e+02 2.855776e+01
3.380000e+02 2.849455e+01
3.384000e+02 2.843154e+01
3.388000e+02 2.836875e+01
3.392000e+02 2.830616e+01
3.396000e+02 2.824378e+01
3.400000e+02 2.818160e+01
3.404000e+02 2.811963e+01
3.408000e+02 2.805786e+01
3.412000e+02 2.799630e+01
3.416000e+02 2.793493e+01
3.420000e+02 2.787377e+01
3.424000e+02 2.781281e+01
3.428000e+02 2.775205e+01
3.432000e+02 2.769149e+01
3.436000e+02 2.763113e+01
3.440000e+02 2.757096e+01
3.444000e+02 2.751100e+01
3.448000e+02 2.745122e+01
3.452000e+02 2.739165e+01
3.456000e+02 2.733226e+01
3.460000e+02 2.727308e+01
3.464000e+02 2.721408e+01
3.468000e+02 2.715528e+01
3.472000e+02 2.709666e+01
3.476000e+02 2.703824e+01
3.480000e+02 2.698001e+01
3.484000e+02 2.692197e+01
3.488000e+02 2.686411e+01
3.492000e+02 2.680644e+01
3.496000e+02 2.674896e+01
3.500000e+02 2.669167e+01
3.504000e+02 2.663456e+01
3.508000e+02 2.657763e+01
3.512000e+02 2.652089e+01
3.516000e+02 2.646433e+01
3.520000e+02 2.640795e+01
3.524000e+02 2.635176e+01
3.528000e+02 2.629574e+01
3.532000e+02 2.623991e+01
3.536000e+02 2.618425e+01
3.540000e+02 2.612878e+01
3.544000e+02 2.607348e+01
3.548000e+02 2.601836e+01
3.552000e+02 2.596341e+01
3.556000e+02 2.590864e+01
3.560000e+02 2.585404e+01
3.564000e+02 2.579962e+01
3.568000e+02 2.574538e+01
3.572000e+02 2.569130e+01
3.576000e+02 2.563740e+01
3.580000e+02 2.558367e+01
3.584000e+02 2.553011e+01
3.588000e+02 2.547671e+01
3.592000e+02 2.542349e+01
3.596000e+02 2.537044e+01
3.600000e+02 2.531755e+01
3.604000e+02 2.526484e+01
3.608000e+02 2.521228e+01
3.612000e+02 2.515990e+01
3.616000e+02 2.510768e+01
3.620000e+02 2.505562e+01
3.624000e+02 2.500373e+01
3.628000e+02 2.495200e+01
3.632000e+02 2.490043e+01
3.636000e+02 2.484903e+01
3.640000e+02 2.479778e+01
3.644000e+02 2.474670e+01
3.648000e+02 2.469578e+01
3.652000e+02 2.464501e+01
3.656000e+02 2.459441e+01
3.660000e+02 2.454396e+01
3.664000e+02 2.449367e+01
3.668000e+02 2.444353e+01
3.672000e+02 2.439356e+01
3.676000e+02 2.434373e+01
3.680000e+02 2.429406e+01
3.684000e+02 2.424455e+01
3.688000e+02 2.419519e+01
3.692000e+02 2.414598e+01
3.696000e+02 2.409693e+01
3.700000e+02 2.404802e+01
3.704000e+02 2.399927e+01
3.708000e+02 2.395066e+01
3.712000e+02 2.390221e+01
3.716000e+02 2.385391e+01
3.720000e+02 2.380575e+01
3.724000e+02 2.375774e+01
3.728000e+02 2.370988e+01
3.732000e+02 2.366217e+01
3.736000e+02 2.361460e+01
3.740000e+02 2.356718e+01
3.744000e+02 2.351990e+01
3.748000e+02 2.347277e+01
3.752000e+02 2.342578e+01
3.756000e+02 2.337893e+01
3.760000e+02 2.333223e+01
3.764000e+02 2.328567e+01
3.768000e+02 2.323925e+01
3.772000e+02 2.319297e+01
3.776000e+02 2.314683e+01
3.780000e+02 2.310083e+01
3.784000e+02 2.305497e+01
3.788000e+02 2.300925e+01
3.792000e+02 2.296367e+01
3.796000e+02 2.291822e+01
3.800000e+02 2.287292e+01
3.804000e+02 2.282774e+01
3.808000e+02 2.278271e+01
3.812000e+02 2.273781e+01
3.816000e+02 2.269304e+01
3.820000e+02 2.264841e+01
3.824000e+02 2.260391e+01
3.828000e+02 2.255954e+01
3.832000e+02 2.251531e+01
3.836000e+02 2.247121e+01
3.840000e+02 2.242724e+01
3.844000e+02 2.238340e+01
3.848000e+02 2.233970e+01
3.852000e+02 2.229612e+01
3.856000e+02 2.225267e+01
3.860000e+02 2.220935e+01
3.864000e+02 2.216616e+01
3.868000e+02 2.212310e+01
3.872000e+02 2.208017e+01
3.876000e+02 2.203736e+01
3.880000e+02 2.199468e+01
3.884000e+02 2.195212e+01
3.888000e+02 2.190969e+01
3.892000e+02 2.186738e+01
3.896000e+02 2.182520e+01
3.900000e+02 2.178315e+01
3.904000e+02 2.174121e+01
3.908000e+02 2.169940e+01
3.912000e+02 2.165771e+01
3.916000e+02 2.161615e+01
3.920000e+02 2.157470e+01
3.924000e+02 2.153338e+01
3.928000e+02 2.149218e+01
3.932000e+02 2.145109e+01
3.936000e+02 2.141013e+01
3.940000e+02 2.136929e+01
3.944000e+02 2.132856e+01
3.948000e+02 2.128795e+01
3.952000e+02 2.124746e+01
3.956000e+02 2.120709e+01
3.960000e+02 2.116684e+01
3.964000e+02 2.112670e+01
3.968000e+02 2.108667e+01
3.972000e+02 2.104677e+01
3.976000e+02 2.100697e+01
3.980000e+02 2.096730e+01
3.984000e+02 2.092773e+01
3.988000e+02 2.088828e+01
3.992000e+02 2.084894e+01
3.996000e+02 2.080972e+01
