0.000000e+00 0.000000e+00
6.250000e-01 4.187633e-05
1.250000e+00 1.670693e-04
1.875000e+00 3.744720e-04
2.500000e+00 6.624940e-04
3.125000e+00 1.029154e-03
3.750000e+00 1.472144e-03
4.375000e+00 1.988878e-03
5.000000e+00 2.576530e-03
5.625000e+00 3.232068e-03
6.250000e+00 3.952282e-03
6.875000e+00 4.733809e-03
7.500000e+00 5.573156e-03
8.125000e+00 6.466715e-03
8.750000e+00 7.410789e-03
9.375000e+00 8.401600e-03
1.000000e+01 9.435310e-03
1.062500e+01 1.050803e-02
1.125000e+01 1.161584e-02
1.187500e+01 1.275478e-02
1.250000e+01 1.392090e-02
1.312500e+01 1.511023e-02
1.375000e+01 1.631881e-02
1.437500e+01 1.754270e-02
1.500000e+01 1.877798e-02
1.562500e+01 2.002075e-02
1.625000e+01 2.126717e-02
1.687500e+01 2.251344e-02
1.750000e+01 2.375579e-02
1.812500e+01 2.499053e-02
1.875000e+01 2.621403e-02
1.937500e+01 2.742273e-02
2.000000e+01 2.861314e-02
2.062500e+01 2.978186e-02
2.125000e+01 3.092554e-02
2.187500e+01 3.204096e-02
2.250000e+01 3.312498e-02
2.312500e+01 3.417453e-02
2.375000e+01 3.518667e-02
2.437500e+01 3.615854e-02
2.500000e+01 3.708741e-02
2.562500e+01 3.797064e-02
2.625000e+01 3.880570e-02
2.687500e+01 3.959019e-02
2.750000e+01 4.032179e-02
2.812500e+01 4.099835e-02
2.875000e+01 4.161780e-02
2.937500e+01 4.217820e-02
3.000000e+01 4.267775e-02
3.062500e+01 4.311476e-02
3.125000e+01 4.348767e-02
3.187500e+01 4.379505e-02
3.250000e+01 4.403560e-02
3.312500e+01 4.420814e-02
3.375000e+01 4.431164e-02
3.437500e+01 4.434519e-02
3.500000e+01 4.430803e-02
3.562500e+01 4.419950e-02
3.625000e+01 4.401911e-02
3.687500e+01 4.376649e-02
3.750000e+01 4.344140e-02
3.812500e+01 4.304375e-02
3.875000e+01 4.257357e-02
3.937500e+01 4.203106e-02
4.000000e+01 4.141650e-02
4.062500e+01 4.073037e-02
4.125000e+01 3.997324e-02
4.187500e+01 3.914584e-02
4.250000e+01 3.824903e-02
4.312500e+01 3.728381e-02
4.375000e+01 3.625131e-02
4.437500e+01 3.515280e-02
4.500000e+01 3.398969e-02
4.562500e+01 3.276353e-02
4.625000e+01 3.147598e-02
4.687500e+01 3.012887e-02
4.750000e+01 2.872414e-02
4.812500e+01 2.726387e-02
4.875000e+01 2.575027e-02
4.937500e+01 2.418570e-02
5.000000e+01 2.257263e-02
5.062500e+01 2.091368e-02
5.125000e+01 1.921159e-02
5.187500e+01 1.746923e-02
5.250000e+01 1.568961e-02
5.312500e+01 1.387585e-02
5.375000e+01 1.203123e-02
5.437500e+01 1.015912e-02
5.500000e+01 8.263041e-03
5.562500e+01 6.346638e-03
5.625000e+01 4.413676e-03
5.687500e+01 2.468046e-03
5.750000e+01 5.137631e-04
5.812500e+01 -1.445034e-03
5.875000e+01 -3.404086e-03
5.937500e+01 -5.359010e-03
6.000000e+01 -7.305306e-03
6.062500e+01 -9.238351e-03
6.125000e+01 -1.115341e-02
6.187500e+01 -1.304561e-02
6.250000e+01 -1.490999e-02
6.312500e+01 -1.674146e-02
6.375000e+01 -1.853480e-02
6.437500e+01 -2.028470e-02
6.500000e+01 -2.198573e-02
6.562500e+01 -2.363232e-02
6.625000e+01 -2.521883e-02
6.687500e+01 -2.673949e-02
6.750000e+01 -2.818841e-02
6.812500e+01 -2.955961e-02
6.875000e+01 -3.084698e-02
6.937500e+01 -3.204433e-02
7.000000e+01 -3.314533e-02
7.062500e+01 -3.414357e-02
7.125000e+01 -3.503253e-02
7.187500e+01 -3.580557e-02
7.250000e+01 -3.645598e-02
7.312500e+01 -3.697690e-02
7.375000e+01 -3.736142e-02
7.437500e+01 -3.760248e-02
7.500000e+01 -3.769296e-02
7.562500e+01 -3.762562e-02
7.625000e+01 -3.739312e-02
7.687500e+01 -3.698803e-02
7.750000e+01 -3.640282e-02
7.812500e+01 -3.562986e-02
7.875000e+01 -3.466144e-02
7.937500e+01 -3.348973e-02
8.000000e+01 -3.210683e-02
8.062500e+01 -3.050472e-02
8.125000e+01 -2.867532e-02
8.187500e+01 -2.661043e-02
8.250000e+01 -2.430177e-02
8.312500e+01 -2.174098e-02
8.375000e+01 -1.891959e-02
8.437500e+01 -1.582904e-02
8.500000e+01 -1.246071e-02
8.562500e+01 -8.805857e-03
8.625000e+01 -4.855675e-03
8.687500e+01 -6.012592e-04
8.750000e+01 3.966377e-03
8.812500e+01 8.856308e-03
8.875000e+01 1.407769e-02
8.937500e+01 1.963977e-02
9.000000e+01 2.555187e-02
9.062500e+01 3.182340e-02
9.125000e+01 3.846386e-02
9.187500e+01 4.548281e-02
9.250000e+01 5.288993e-02
9.312500e+01 6.069493e-02
9.375000e+01 6.890765e-02
9.437500e+01 7.753798e-02
9.500000e+01 8.659589e-02
9.562500e+01 9.609145e-02
9.625000e+01 1.060348e-01
9.687500e+01 1.164361e-01
9.750000e+01 1.273058e-01
9.812500e+01 1.386540e-01
9.875000e+01 1.504914e-01
9.937500e+01 1.628284e-01
1.000000e+02 1.756757e-01
1.006250e+02 1.890438e-01
1.012500e+02 2.029436e-01
1.018750e+02 2.173858e-01
1.025000e+02 2.323815e-01
1.031250e+02 2.479414e-01
1.037500e+02 2.640768e-01
1.043750e+02 2.807986e-01
1.050000e+02 2.981182e-01
1.056250e+02 3.160468e-01
1.062500e+02 3.345956e-01
1.068750e+02 3.537762e-01
1.075000e+02 3.735999e-01
1.081250e+02 3.940784e-01
1.087500e+02 4.152233e-01
1.093750e+02 4.370462e-01
1.100000e+02 4.595590e-01
1.106250e+02 4.827735e-01
1.112500e+02 5.067015e-01
1.118750e+02 5.313550e-01
1.125000e+02 5.567462e-01
1.131250e+02 5.828871e-01
1.137500e+02 6.097898e-01
1.143750e+02 6.374667e-01
1.150000e+02 6.659300e-01
1.156250e+02 6.951922e-01
1.162500e+02 7.252657e-01
1.168750e+02 7.561630e-01
1.175000e+02 7.878968e-01
1.181250e+02 8.204796e-01
1.187500e+02 8.539241e-01
1.193750e+02 8.882433e-01
1.200000e+02 9.234499e-01
1.206250e+02 9.595569e-01
1.212500e+02 9.965773e-01
1.218750e+02 1.034524e+00
1.225000e+02 1.073410e+00
1.231250e+02 1.113249e+00
1.237500e+02 1.154054e+00
1.243750e+02 1.195839e+00
