#  V = 4 kappa = 0.00774597 k*k Ntau/Nc = 0.001 Ntau = 50 order in k = 2 beta = 0
#mu/M = 0.998929 numberofsamples = 2500 time between measurments = 0.01 N_f = 2
0.0010   -0.0001498869 0.0000001114   1.6419270770 0.0013897681 1.2599396550 0.0085894869 0.0009895985 11.6986650000
0.0060   -0.0004847375 0.0000003459   1.5808802647 0.0016802413 1.2279537950 0.0084925377 0.0009899619 11.6382970000
0.0110   -0.0007526721 0.0000002942   1.5252515996 0.0018205650 1.2323775716 0.0098589362 0.0009889129 11.6578060000
0.0160   -0.0010103870 0.0000008469   1.4637428298 0.0023487106 1.2121685195 0.0085398402 0.0009886697 11.6351970000
0.0210   -0.0012699486 0.0000006484   1.4057389738 0.0019778618 1.2005585203 0.0094470261 0.0009906976 11.7115320000
0.0260   -0.0015400218 0.0000008931   1.3504365387 0.0024813723 1.2150400052 0.0092237916 0.0009890957 11.6999700000
0.0310   -0.0018276774 0.0000019645   1.2865493678 0.0027135507 1.1803698766 0.0088076618 0.0009893850 11.6381770000
0.0360   -0.0021352012 0.0000027360   1.2290001261 0.0034542919 1.1874317214 0.0094373978 0.0009853251 11.7682370000
0.0410   -0.0024785781 0.0000047332   1.1633516777 0.0026809212 1.1612805999 0.0085149673 0.0009889832 11.7548580000
0.0460   -0.0028379876 0.0000066719   1.1074881965 0.0037716965 1.1621661189 0.0101313779 0.0009893589 11.7084160000
0.0510   -0.0032439121 0.0000086782   1.0483999508 0.0033106222 1.1651579086 0.0104713040 0.0009909798 11.7410890000
0.0560   -0.0037042197 0.0000119788   0.9857488061 0.0034445134 1.1532107777 0.0106721339 0.0009909234 11.6774190000
0.0610   -0.0042276446 0.0000187781   0.9222480689 0.0039980762 1.1382553185 0.0103144822 0.0009922154 11.7501040000
0.0660   -0.0047859685 0.0000232407   0.8665986148 0.0047228081 1.1419557993 0.0092377151 0.0009912125 11.7571080000
0.0710   -0.0054787623 0.0000253647   0.8015116875 0.0039935412 1.1283725073 0.0091935402 0.0009920608 11.8337000000
0.0760   -0.0062634530 0.0000347933   0.7402458446 0.0043519667 1.1201011172 0.0089563472 0.0009894223 11.8671460000
0.0810   -0.0072392586 0.0000498824   0.6747942425 0.0050121249 1.1043925703 0.0102342679 0.0009898853 11.8296420000
0.0860   -0.0083584399 0.0000722148   0.6144813583 0.0054207025 1.1014712948 0.0109477334 0.0009912624 11.8590110000
0.0910   -0.0097339847 0.0000999146   0.5529399510 0.0053998218 1.0965467897 0.0104391337 0.0009924745 11.8098040000
0.0960   -0.0113163010 0.0001463471   0.4989921191 0.0053528769 1.1120707785 0.0113547174 0.0009904737 11.8098400000
0.1010   -0.0137770219 0.0002414610   0.4279678250 0.0054306567 1.0881374649 0.0108973093 0.0009922201 11.8524470000
0.1060   -0.0166241040 0.0003674005   0.3738098514 0.0063683757 1.0963514075 0.0114730838 0.0009895417 11.9770690000
0.1110   -0.0212331818 0.0004814327   0.3050993690 0.0054542647 1.0768305389 0.0116177377 0.0009905654 11.8785750000
0.1160   -0.0279469806 0.0012453928   0.2483958668 0.0072887468 1.0792205704 0.0105605913 0.0009905543 11.9243580000
0.1210   -0.0397861821 0.0029443922   0.1796538586 0.0062862713 1.0607390970 0.0100852610 0.0009917986 11.9155020000
0.1260   -0.0555951933 0.0058550246   0.1321952622 0.0071962328 1.0810308838 0.0108067000 0.0009915012 11.9082530000
0.1310   -0.0599673865 0.0187342854   0.0605405410 0.0074741050 1.0628058347 0.0100379021 0.0009902048 11.8925310000
0.1360   -0.0346147876 0.0644278659   0.0080850761 0.0082180987 1.0758602668 0.0104433677 0.0009913653 11.9153140000
0.1410   0.0541695901 0.0267054635   -0.0574770186 0.0069390227 1.0643686402 0.0094977516 0.0009927577 11.9639040000
0.1460   0.0693633254 0.0211877676   -0.1249208682 0.0077433923 1.0461368649 0.0105384176 0.0009915809 11.9723300000
0.1510   0.0557172360 0.0046633240   -0.1694485689 0.0085281230 1.0710768736 0.0118822901 0.0009888294 11.9564750000
0.1560   0.0381235690 0.0022078188   -0.2425201142 0.0086480664 1.0518722996 0.0114907493 0.0009913263 11.9608270000
0.1610   0.0322197888 0.0009074737   -0.2831470431 0.0082069524 1.0739483986 0.0099763122 0.0009889552 12.0235590000
0.1660   0.0275815861 0.0007279402   -0.3360986824 0.0078753209 1.0808390413 0.0097666921 0.0009921168 11.9828320000
0.1710   0.0232995659 0.0004789421   -0.4043536547 0.0098065219 1.0678192356 0.0104482710 0.0009898680 12.0221520000
0.1760   0.0203079540 0.0004525666   -0.4723576088 0.0102675533 1.0558098473 0.0110304644 0.0009907693 11.9976620000
0.1810   0.0186801930 0.0003314729   -0.5259688351 0.0111031319 1.0604418588 0.0108265574 0.0009896372 11.9670690000
0.1860   0.0169134257 0.0002849996   -0.5920965723 0.0093385739 1.0505567383 0.0106347339 0.0009906054 12.0149970000
0.1910   0.0158938003 0.0002509383   -0.6450984521 0.0107083768 1.0566800569 0.0121873704 0.0009892756 11.9450290000
0.1960   0.0151074902 0.0001982895   -0.6920472163 0.0107784545 1.0701454887 0.0105327155 0.0009903168 12.0185040000