0.0010 1.6413874872 0.0013395120
0.0060 1.5881261373 0.0014187965
0.0110 1.5367715562 0.0016088894
0.0160 1.4890263639 0.0019173663
0.0210 1.4508175480 0.0020560197
0.0260 1.4070939300 0.0020373500
0.0310 1.3726943306 0.0018476823
0.0360 1.3425959448 0.0016274157
0.0410 1.3131691104 0.0017182885
0.0460 1.2858640055 0.0015593144
0.0510 1.2595664150 0.0016345590
0.0560 1.2346830632 0.0016954767
0.0610 1.2090263962 0.0016899060
0.0660 1.1829323168 0.0022310771
0.0710 1.1605928963 0.0018133833
0.0760 1.1388687245 0.0018065140
0.0810 1.1117357547 0.0018564619
0.0860 1.0862887708 0.0019133078
0.0910 1.0585519821 0.0024313109
0.0960 1.0291838394 0.0024132062
0.1010 1.0050111821 0.0029753044
0.1060 0.9692896352 0.0033809664
0.1110 0.9388955336 0.0031433403
0.1160 0.9078962102 0.0031398564
0.1210 0.8753074927 0.0038066991
0.1260 0.8444337987 0.0036677033
0.1310 0.8019121776 0.0035716610
0.1360 0.7644658865 0.0043370403
0.1410 0.7335148549 0.0043959178
0.1460 0.6872847504 0.0046473093
0.1510 0.6468584396 0.0050241550
0.1560 0.6028315147 0.0045994082
0.1610 0.5529467779 0.0049803612
0.1660 0.5063409959 0.0053153924
0.1710 0.4683387299 0.0048986890
0.1760 0.4105467576 0.0052093194
0.1810 0.3699203810 0.0058301922
0.1860 0.3122998660 0.0060456071
0.1910 0.2568390369 0.0051379735
0.1960 0.2010333346 0.0060596334
