0.0010 1.6415200253 0.0015681473
0.0060 1.5847772619 0.0014859801
0.0110 1.5363220016 0.0015964901
0.0160 1.4905976935 0.0018351479
0.0210 1.4513613576 0.0018505498
0.0260 1.4080434047 0.0019786006
0.0310 1.3685090011 0.0020011616
0.0360 1.3334911863 0.0023806708
0.0410 1.2977653268 0.0027807824
0.0460 1.2591454172 0.0032435100
0.0510 1.2272697754 0.0032173022
0.0560 1.1865046346 0.0032810918
0.0610 1.1426235532 0.0039986745
0.0660 1.0911454913 0.0053222066
0.0710 1.0432470223 0.0055931141
0.0760 0.9900620130 0.0073863851
0.0810 0.9176670794 0.0088485037
0.0860 0.8480332873 0.0090283359
0.0910 0.7648206870 0.0112244552
0.0960 0.6834315447 0.0126190977
0.10100.5861248601 0.0127528472 
