0.	2	2.	2.	2.	2.	2.	2.	2.	2.
0.0004	2	1.9943652173913042	1.994381092778828	1.9943810725722204	1.994381072535567	1.9943810481773092	1.9943810481773092	1.9943810725890183	1.9943810725363171
0.0008	2	1.9887304347826087	1.9887939363327032	1.9887937746798443	1.9887937740933925	1.9887935805201993	1.9887935805201993	1.9887937749505293	1.9887937741145036
0.0012000000000000001	2	1.983095652173913	1.9832385306616258	1.9832379850832265	1.983237982114316	1.9832373331493809	1.9832373331493809	1.983237986463153	1.9832379822667692
0.0016	2	1.9774608695652174	1.9777148757655953	1.9777135825427232	1.9777135731594995	1.9777120451262296	1.9777120451262296	1.9777135869337759	1.9777135737836051
0.002	2	1.9718260869565216	1.9722229716446125	1.9722204458186898	1.9722204229104296	1.972217458411936	1.972217458411936	1.9722204566106352	1.9722204247772182
0.0024000000000000002	2	1.9661913043478259	1.9667628182986765	1.9667584536714824	1.9667584061689136	1.966753317827336	1.966753317827336	1.966758476195765	1.9667584107426128
0.0028	2	1.9605565217391305	1.9613344157277883	1.9613274848614568	1.961327396857084	1.961319371013405	1.961319371013405	1.9613275268568258	1.9613274066164073
0.0032	2	1.9549217391304348	1.9559377639319468	1.955927418148968	1.9559272680173931	1.9559153683924075	1.9559153683924075	1.955927490238342	1.9559272868334585
0.0036000000000000003	2	1.949286956521739	1.950572862911153	1.9505581322943724	1.9505578918126187	1.9505410631296853	1.9505410631296853	1.9505582484723638	1.9505579253813679
0.004	2	1.9436521739130435	1.9452397126654066	1.9452195060580257	1.9452191395258605	1.9451962110960759	1.9451962110960759	1.9452196841885807	1.9452191958529497
0.0044	2	1.9380173913043477	1.9399383131947068	1.9399114182002832	1.93991088156054	1.9398805708309435	1.9398805708309435	1.9399116805238976	1.939910971496718
0.0048000000000000004	2	1.9323826086956521	1.9346686644990547	1.934633747481501	1.9346329874404031	1.9345939035058204	1.9345939035058204	1.9346341211315012	1.9346331252654745
0.005200000000000001	2	1.9267478260869564	1.9294307665784498	1.9293863726620346	1.9293853258095173	1.9293359728886355	1.9293359728886355	1.9293868901894273	1.9293855298630493
0.0056	2	1.9211130434782606	1.9242246194328922	1.9241691725022396	1.9241677644322732	1.9241065453085264	1.9241065453085264	1.9241698724086511	1.9241680577892621
0.006	2	1.9154782608695653	1.9190502230623818	1.9189820257624721	1.9189801701933853	1.9189053896212247	1.9189053896212247	1.9189829530407165	1.9189805813831706
0.0064	2	1.9098434782608695	1.9139075774669188	1.9138248112030878	1.9138224090978888	1.9137322771749983	1.9137322771749983	1.9138260178849227	1.9138229728646534
0.0068000000000000005	2	1.904208695652174	1.9087966826465028	1.908697407584442	1.9086943462711439	1.9085869817771433	1.9085869817771433	1.908698953295078	1.908695104374392
0.007200000000000001	2	1.8985739130434782	1.9037175386011342	1.9035996936668904	1.9035958459588316	1.9034692796610169	1.9034692796610169	1.9036016461858438	1.9035968480123036
0.0076	2	1.8929391304347825	1.8986701453308126	1.8985315482107892	1.898526771526957	1.898378949453597	1.898378949453597	1.8985339840386797	1.8985280758744771
0.008	2	1.887304347826087	1.8936545028355387	1.8934928499764938	1.8934869854618486	1.8933157721435627	1.8933157721435627	1.8934958549074024	1.8934886600886642
0.008400000000000001	2	1.8816695652173911	1.8886706111153118	1.88848347772436	1.888476349370155	1.8882795310498832	1.8882795310498832	1.8884871474233782	1.8884784728483752
0.0088	2	1.8760347826086954	1.8837184701701322	1.8835033102147432	1.8834947239788509	1.8832700117909078	1.8832700117909078	1.883507750800356	1.8834973864456241
0.0092	2	1.8704	1.8787980800000001	1.878552226208	1.878541969135232	1.8782870022539442	1.8782870022539442	1.8785575548389555	1.8785452733023713
0.009600000000000001	2	1.8647652173913043	1.8739094406049148	1.873630104464485	1.8736179438069165	1.8733302925653224	1.8733302925653224	1.873636449930831	1.8736220060007112
0.01	2	1.8591304347826088	1.8690525519848773	1.868736823744555	1.8687225060818466	1.868399675060926	1.868399675060926	1.8687443270625042	1.8687274573118362
0.010400000000000001	2	1.853495652173913	1.8642274141398865	1.8638722628085649	1.863855513168286	1.8634949442571946	1.8634949442571946	1.8638810778189034	1.863861500223836
0.0108	2	1.8478608695652172	1.8594340270699432	1.8590363004168702	1.8590168213948224	1.8586158968225748	1.8586158968225748	1.8590465943865961	1.8590240079683542
0.0112	2	1.8422260869565217	1.8546723907750473	1.8542288153298279	1.8542062862103663	1.8537623315494227	1.8537623315494227	1.854240769556742	1.854214854046154
0.011600000000000001	2	1.836591304347826	1.8499425052551983	1.8494496863077923	1.8494237621841494	1.8489340493263449	1.8489340493263449	1.8494634967277686	1.8494339122516217
0.012	2	1.8309565217391306	1.8452443705103971	1.8446987921111202	1.8446691030057283	1.8441308531109686	1.8441308531109686	1.844714669907785	1.8446810566962508
0.012400000000000001	2	1.8253217391304348	1.8405779865406426	1.8399760115001667	1.83994216148498	1.839352547903138	1.839352547903138	1.839994183716739	1.8399561618311353
0.0128	2	1.819686956521739	1.8359433533459355	1.8352812232352875	1.8352427895521075	1.8345989407185246	1.8345989407185246	1.8353019333883331	1.835259102468513
0.0132	2	1.8140521739130435	1.831340470926276	1.8306143060768387	1.8305708382576338	1.829869840562645	1.829869840562645	1.8306378147716975	1.8305897538023812
0.013600000000000001	2	1.8084173913043478	1.8267693392816633	1.8259751387851755	1.8259261577724057	1.8251650584052819	1.8251650584052819	1.8260017243328455	1.825947991428227
0.014	2	1.802782608695652	1.8222299584120982	1.821363600120654	1.821308597387593	1.8204844071552952	1.8204844071552952	1.8213935591559038	1.821333691361896
0.014400000000000001	2	1.7971478260869564	1.8177223283175803	1.8167795688436303	1.8167180055146885	1.815827701635824	1.815827701635824	1.8168132169441364	1.8167467300576299
0.0148	2	1.7915130434782607	1.8132464489981095	1.8122229237144591	1.8121542296855069	1.8111947585598638	1.8111947585598638	1.8122605960207663	1.8121869844253038
0.0152	2	1.785878260869565	1.808802320453686	1.8076935434934964	1.8076171165521866	1.8065853965062209	1.8065853965062209	1.8077355953296017	1.8076543318468863
0.015600000000000001	2	1.7802434782608696	1.80438994268431	1.8031913069410992	1.8031065118871883	1.8019994358958287	1.8019994358958287	1.8032381144354783	1.803148650192153
0.016	2	1.7746086956521738	1.800009315689981	1.7987160928176213	1.7986222605832949	1.7974366989684276	1.7974366989684276	1.7987680535245198	1.7986698178336769
0.0164	2	1.7689739130434783	1.7956604394706996	1.79426777988342	1.7941642066536145	1.7928970097595958	1.7928970097595958	1.7943253134042287	1.794217713661121
0.016800000000000002	2	1.7633391304347825	1.791343314026465	1.7898462468988496	1.7897321932315746	1.7883801940781288	1.7883801940781288	1.7899097955034107	1.7897922170948581
0.0172	2	1.757704347826087	1.787057939357278	1.7854513726242671	1.7853260625709286	1.783886079483759	1.783886079483759	1.785521401871939	1.7853932080989368
0.0176	2	1.7520695652173912	1.7828043154631381	1.7810830358200271	1.7809456560457504	1.7794144952652102	1.7794144952652102	1.7811600351803683	1.7810205671934218
0.018000000000000002	2	1.7464347826086954	1.7785824423440453	1.7767411152464865	1.7765908141504378	1.774965272418583	1.774965272418583	1.7768255987194017	1.7766741754661277
0.0184	2	1.7408000000000001	1.77439232	1.7724254896640002	1.7722613764997122	1.7705382436260622	1.7705382436260622	1.772517996399217	1.7723539145837646
0.0188	2	1.7351652173913044	1.770233948431002	1.7681360378329238	1.7679571818286155	1.7661332432349417	1.7661332432349417	1.7682371327486577	1.7680596668025201
0.019200000000000002	2	1.7295304347826086	1.766107327637051	1.7638726385136132	1.7636780679925146	1.7617501072369628	1.7617501072369628	1.7639829129142968	1.7637913149780942
0.0196	2	1.723895652173913	1.7620124576181475	1.7596351704664248	1.7594238719670985	1.7573886732479598	1.7573886732479598	1.7597552426593759	1.7595487425752092
0.02	2	1.7182608695652173	1.7579493383742908	1.7554235124517137	1.755194429848378	1.7530487804878048	1.7530487804878048	1.7555540283626228	1.7553318336766055
0.0204	2	1.7126260869565215	1.7539179699054819	1.7512375432298353	1.7509895768526884	1.7487302697606517	1.7487302697606517	1.7513791770169613	1.7511404729915534
0.020800000000000003	2	1.706991304347826	1.7499183522117203	1.7470771415611461	1.746809147316687	1.744432983435471	1.744432983435471	1.7472305962281074	1.746974545863885
0.0212	2	1.7013565217391302	1.7459504852930057	1.742942186206001	1.7426529746973531	1.740156765426868	1.740156765426868	1.7431081942130628	1.742833938279571
0.0216	2	1.695721739130435	1.7420143691493384	1.7388325559247566	1.7385208915719907	1.7359014611761865	1.7359014611761865	1.7390118797985097	1.738718536873857
0.022000000000000002	2	1.6900869565217391	1.7381100037807182	1.7347481294777678	1.7344127296382243	1.7316669176328863	1.7316669176328863	1.7349415624191087	1.7346282289379698
0.0224	2	1.6844521739130434	1.7342373891871454	1.7306887856253905	1.7303283197140031	1.7274529832361953	1.7274529832361953	1.7308971521157073	1.730562902425418
0.0228	2	1.6788173913043478	1.73039652536862	1.726654403127981	1.7262674917375984	1.7232595078970239	1.7232595078970239	1.7268785595334593	1.7265224459578912
0.023200000000000002	2	1.673182608695652	1.7265874123251417	1.7226448607458942	1.7222300747676038	1.7190863429801482	1.7190863429801482	1.7228856959198637	1.722506748830778
0.0236	2	1.6675478260869565	1.722810050056711	1.7186600372394865	1.7182158969829369	1.7149333412866474	1.7149333412866474	1.718918473122722	1.7185157010183172
0.024	2	1.6619130434782607	1.719064438563327	1.714699811369113	1.7142247856828368	1.7108003570365962	1.7108003570365962	1.7149768035880202	1.7145491931783883
0.0244	2	1.656278260869565	1.7153505778449905	1.71076406189513	1.7102565672868661	1.706687245852008	1.706687245852008	1.711060600357741	1.710607116656964
0.024800000000000003	2	1.6506434782608697	1.7116684679017014	1.706852667577893	1.7063110673349107	1.7025938647400212	1.7025938647400212	1.707169777067603	1.7066893634922247
0.0252	2	1.645008695652174	1.7080181087334592	1.7029655071777574	1.7023881104871779	1.69852007207633	1.69852007207633	1.7033042479447404	1.7027958264183622
0.0256	2	1.6393739130434781	1.7043995003402643	1.6991024594550794	1.698487520524199	1.6944657275888488	1.6944657275888488	1.6994639278053132	1.6989263988690673
0.026000000000000002	2	1.6337391304347826	1.7008126427221173	1.6952634031702145	1.6946091203468283	1.690430692341614	1.690430692341614	1.695648732052065	1.6950809749807259
0.0264	2	1.6281043478260868	1.6972575358790167	1.6914482170835181	1.6907527319762408	1.6864148287189114	1.6864148287189114	1.6918585766718204	1.6912594495953255
0.0268	2	1.622469565217391	1.6937341798109637	1.6876567799553466	1.6869181765539372	1.682418000409632	1.682418000409632	1.688093378232931	1.6874617182630902
0.027200000000000002	2	1.6168347826086955	1.6902425745179583	1.6838889705460551	1.6831052743417394	1.67844007239185	1.67844007239185	1.6843530538826705	1.6836876772448446
0.027600000000000003	2	1.6111999999999997	1.68678272	1.6801446676159997	1.679313844721792	1.6744809109176153	1.6744809109176153	1.680637521344581	1.6799372235141257
0.028	2	1.6055652173913044	1.683354616257089	1.676423749925536	1.675543706196563	1.6705403834979662	1.6705403834979662	1.676946698915776	1.676210254759048
0.0284	2	1.5999304347826087	1.6799582632892247	1.6727260962350199	1.6717946763888423	1.6666183588881478	1.6666183588881478	1.6732805054641973	1.6725066693839257
0.028800000000000003	2	1.5942956521739131	1.6765936610964085	1.669051585304807	1.6680665720417442	1.6627147070730435	1.6627147070730435	1.6696388604258372	1.6688263665106748
0.0292	2	1.5886608695652173	1.673260809678639	1.6654000958952522	1.664359209018704	1.6588292992528055	1.6588292992528055	1.6660216838019148	1.6651692459799874
0.0296	2	1.5830260869565216	1.6699597090359166	1.6617715067667125	1.6606724023034807	1.65496200782869	1.65496200782869	1.6624288961560252	1.661535208352297
0.030000000000000002	2	1.577391304347826	1.666690359168242	1.658165696679543	1.6570059660001573	1.6511127063890882	1.6511127063890882	1.6588604186112452	1.6579241549085382
0.0304	2	1.5717565217391303	1.6634527600756144	1.6545825443940994	1.6533597133331368	1.6472812696957544	1.6472812696957544	1.6553161728472192	1.6543359876507133
0.0308	2	1.5661217391304345	1.6602469117580338	1.6510219286707373	1.6497334566471473	1.6434675736702202	1.6434675736702202	1.651796081097204	1.6507706093022665
0.031200000000000002	2	1.5604869565217392	1.657072814215501	1.6474837282698132	1.6461270074072392	1.6396714953804037	1.6396714953804037	1.6483000661450946	1.6472279233082736
0.0316	2	1.5548521739130434	1.6539304674480149	1.6439678219516818	1.6425401761987843	1.6358929130273974	1.6358929130273974	1.6448280513224174	1.6437078338354632
0.032	2	1.5492173913043477	1.6508198714555764	1.640474088476699	1.6389727727274797	1.6321317059324438	1.6321317059324438	1.6413799605053065	1.640210245772066
0.0324	2	1.5435826086956521	1.647741026238185	1.6370024066052213	1.6354246058193436	1.628387754524086	1.628387754524086	1.6379557181114521	1.6367350647275023
0.0328	2	1.5379478260869563	1.6446939317958411	1.6335526550976036	1.631895483420717	1.6246609403254972	1.6246609403254972	1.6345552490970308	1.633282197031914
0.0332	2	1.5323130434782608	1.6416785881285443	1.630124712714202	1.6283852125982643	1.6209511459419839	1.6209511459419839	1.6311784789536161	1.6298515497355477
0.033600000000000005	2	1.526678260869565	1.6386949952362948	1.626718458215372	1.6248935995389726	1.6172582550486583	1.6172582550486583	1.6278253337050748	1.6264430306079958
0.034	2	1.5210434782608697	1.6357431531190927	1.6233337703614696	1.6214204495501516	1.6135821523782798	1.6135821523782798	1.6244957399044404	1.6230565481372934
0.0344	2	1.515408695652174	1.6328230617769377	1.6199705279128502	1.6179655670594335	1.609922723709262	1.609922723709262	1.6211896246307813	1.619692011528896
0.034800000000000005	2	1.5097739130434782	1.6299347212098296	1.6166286096298697	1.6145287556147738	1.6062798558538423	1.6062798558538423	1.6179069154860477	1.616349330704511
0.0352	2	1.5041391304347826	1.6270781314177694	1.6133078942728836	1.6111098178844518	1.6026534366464127	1.6026534366464127	1.6146475405919127	1.6130284163008262
0.0356	2	1.4985043478260869	1.624253292400756	1.610008260602248	1.607708555657067	1.5990433549320058	1.5990433549320058	1.6114114285866008	1.609729179668113
0.036000000000000004	2	1.4928695652173911	1.6214602041587902	1.6067295873783183	1.604324769841544	1.5954495005549387	1.5954495005549387	1.608198508621705	1.6064515328687095
0.0364	2	1.4872347826086956	1.6186988666918716	1.6034717533614504	1.6009582604671293	1.5918717643476095	1.5918717643476095	1.6050087103590016	1.603195388675416
0.0368	2	1.4815999999999998	1.6159692799999998	1.600234637312	1.5976088266833917	1.5883100381194408	1.5883100381194408	1.6018419639672516	1.5999606605697656
0.037200000000000004	2	1.475965217391304	1.6132714440831757	1.5970181179903227	1.5942762667602244	1.5847642146459773	1.5847642146459773	1.5986982001190038	1.5967472627402135
0.0376	2	1.4703304347826087	1.610605358941399	1.5938220741567743	1.590960378087842	1.5812341876581233	1.5812341876581233	1.5955773499873862	1.5935551100802237
0.038	2	1.464695652173913	1.607971024574669	1.5906463845717103	1.5876609571767821	1.5777198518315267	1.5777198518315267	1.5924793452428976	1.5903841181862615
0.038400000000000004	2	1.4590608695652172	1.6053684409829865	1.5874909279954865	1.5843777996579054	1.5742211027761046	1.5742211027761046	1.589404118050198	1.5872342033557119
0.0388	2	1.4534260869565216	1.6027976081663518	1.584355583188459	1.5811107002823959	1.5707378370257055	1.5707378370257055	1.5863516010648944	1.5841052825847037
0.0392	2	1.447791304347826	1.6002585261247637	1.5812402289109837	1.5778594529217589	1.5672699520279108	1.5672699520279108	1.583321727430325	1.580997273565862
0.0396	2	1.4421565217391303	1.597751194858223	1.5781447439234153	1.5746238505678236	1.5638173461339715	1.5638173461339715	1.580314430774351	1.5779100946859785
0.04	2	1.4365217391304346	1.5952756143667295	1.5750690069861097	1.5714036853327422	1.5603799185888736	1.5603799185888736	1.5773296452061392	1.5748436650236202
0.040400000000000005	2	1.4308869565217388	1.5928317846502833	1.5720128968594234	1.5681987484489897	1.55695756952154	1.55695756952154	1.5743673053129528	1.5717979043466563
0.0408	2	1.4252521739130435	1.5904197057088845	1.568976292303712	1.5650088302693625	1.553550199935156	1.553550199935156	1.5714273461569457	1.5687727331097332
0.0412	2	1.4196173913043477	1.588039377542533	1.5659590720793306	1.5618337202669816	1.5501577116976248	1.5501577116976248	1.568509703271956	1.5657680724516772
0.041600000000000005	2	1.4139826086956522	1.5856908001512289	1.5629611149466354	1.5586732070352902	1.546780007532146	1.546780007532146	1.5656143126603053	1.562783844192841
0.042	2	1.4083478260869564	1.5833739735349717	1.5599822996659818	1.5555270782880533	1.5434169910079183	1.5434169910079183	1.5627411107896045	1.5598199708323932
0.0424	2	1.4027130434782606	1.5810888976937616	1.5570225049977255	1.5523951208593598	1.540068566530962	1.540068566530962	1.5598900345895648	1.556876375545564
0.042800000000000005	2	1.397078260869565	1.5788355726275993	1.5540816097022225	1.5492771207036222	1.5367346393350616	1.5367346393350616	1.557061021448811	1.5539529821808193
0.0432	2	1.3914434782608693	1.5766139983364837	1.5511594925398287	1.546172862895573	1.533415115472825	1.533415115472825	1.5542540092117059	1.5510497152570057
0.0436	2	1.385808695652174	1.574424174820416	1.5482560322708994	1.5430821316302712	1.5301099018068602	1.5301099018068602	1.5514689361751817	1.548166499960442
0.044000000000000004	2	1.3801739130434783	1.572266102079395	1.5453711076557903	1.5400047102230952	1.5268189060010617	1.5268189060010617	1.5487057410855747	1.5453032621419658
0.0444	2	1.3745391304347825	1.5701397801134214	1.5425045974548572	1.5369403811097477	1.523542036512016	1.523542036512016	1.5459643631354765	1.5424599283139435
0.0448	2	1.368904347826087	1.5680452089224952	1.539656380428456	1.5338889258462551	1.5202792025805085	1.5202792025805085	1.5432447419605844	1.5396364256472386
0.045200000000000004	2	1.3632695652173912	1.5659823885066162	1.5368263353369422	1.530850125108965	1.5170303142231485	1.5170303142231485	1.5405468176365702	1.536832681968146
0.0456	2	1.3576347826086956	1.5639513188657848	1.5340143409406717	1.527823758694549	1.513795282224094	1.513795282224094	1.5378705306759528	1.53404862575529
0.046	2	1.3519999999999999	1.561952	1.531220276	1.52480960552	1.510574018126888	1.510574018126888	1.5352158220249827	1.5312841861364839
0.046400000000000004	2	1.346365217391304	1.5599844319092626	1.5284440192752826	1.5218074436226356	1.5073664342263933	1.5073664342263933	1.5325826330605417	1.528539292885585
0.0468	2	1.3407304347826088	1.5580486145935728	1.5256854495268763	1.518817050160095	1.504172443560834	1.504172443560834	1.5299709055870432	1.5258138764192752
0.0472	2	1.335095652173913	1.5561445480529301	1.5229444455151357	1.5158382014103406	1.5009919599039363	1.5009919599039363	1.5273805818333561	1.5231078677938632
0.0476	2	1.3294608695652173	1.5542722322873346	1.5202208860004167	1.512870672771657	1.49782489775717	1.49782489775717	1.5248116044497355	1.5204211987020388
0.048	2	1.3238260869565217	1.5524316672967864	1.5175146497430756	1.5099142387626527	1.4946711723420845	1.4946711723420845	1.522263916504761	1.5177538014695957
0.048400000000000006	2	1.318191304347826	1.5506228530812853	1.5148256155034674	1.506968673022258	1.4915306995927473	1.4915306995927473	1.5197374614822952	1.5151056090521489
0.0488	2	1.3125565217391304	1.5488457896408319	1.5121536620419482	1.504033748309727	1.4884033961482708	1.4884033961482708	1.5172321832784503	1.5124765550318289
0.0492	2	1.3069217391304346	1.5471004769754253	1.5094986681188738	1.5011092365046352	1.4852891793454397	1.4852891793454397	1.5147480261985744	1.5098665736139625
0.049600000000000005	2	1.3012869565217389	1.545386915085066	1.5068605124945993	1.498194908606882	1.482187967211424	1.482187967211424	1.512284934954237	1.5072755996237075
0.05	2	1.2956521739130433	1.543705103969754	1.5042390739294813	1.4952905347366896	1.4790996784565913	1.4790996784565913	1.5098428546602485	1.504703568502721
0.0504	2	1.2900173913043478	1.5420550436294893	1.501634231183875	1.4923958841346023	1.476024232467399	1.476024232467399	1.5074217308316762	1.502150416305777
0.050800000000000005	2	1.284382608695652	1.5404367340642722	1.4990458630181362	1.4895107251614883	1.4729615492993826	1.4729615492993826	1.505021509380883	1.499616079697379
0.0512	2	1.2787478260869565	1.5388501752741022	1.4964738481926205	1.486634825298537	1.4699115496702284	1.4699115496702284	1.5026421366145786	1.4971004959483585
0.0516	2	1.273113043478261	1.5372953672589793	1.493918065467684	1.4837679511472621	1.4668741549529323	1.4668741549529323	1.5002835592308896	1.4946036029324923
0.052000000000000005	2	1.2674782608695652	1.5357723100189036	1.4913783936036822	1.480909868429499	1.4638492871690425	1.4638492871690425	1.4979457243164367	1.4921253391230698
0.0524	2	1.2618434782608694	1.5342810035538754	1.4888547113609705	1.4780603419874077	1.4608368689819873	1.4608368689819873	1.4956285793434339	1.4896656435894757
0.0528	2	1.2562086956521739	1.532821447863894	1.486346897499905	1.475219135783468	1.457836823690482	1.457836823690482	1.4933320721667978	1.48722445599376
0.053200000000000004	2	1.250573913043478	1.5313936429489603	1.483854830780841	1.4723860129004853	1.4548490752220222	1.4548490752220222	1.4910561510212788	1.48480171658721
0.0536	2	1.2449391304347825	1.5299975888090735	1.481378389964135	1.4695607355415865	1.4518735481264518	1.4518735481264518	1.4888007645186008	1.4823973662069023
0.054	2	1.2393043478260868	1.5286332854442342	1.478917453810142	1.4667430650302216	1.4489101675696106	1.4489101675696106	1.4865658616446225	1.4800113462722768
0.054400000000000004	2	1.2336695652173912	1.5273007328544423	1.4764719010792184	1.4639327618101636	1.4459588593270631	1.4459588593270631	1.4843513917565128	1.47764359878168
0.0548	2	1.2280347826086957	1.5259999310396977	1.4740416105317191	1.4611295854455078	1.4430195497779004	1.4430195497779004	1.4821573045799357	1.4752940663089107
0.055200000000000006	2	1.2224	1.52473088	1.4716264609279999	1.4583332946206717	1.4400921658986174	1.4400921658986174	1.4799835502062682	1.4729626919998042
0.055600000000000004	2	1.2167652173913042	1.5234935797353497	1.4692263310284173	1.455543647140398	1.437176635257067	1.437176635257067	1.477830079089815	1.4706494195687565
0.056	2	1.2111304347826086	1.5222880302457469	1.4668410995933263	1.4527603999297498	1.4342728860064853	1.4342728860064853	1.4756968420450536	1.4683541932953017
0.056400000000000006	2	1.2054956521739129	1.5211142315311907	1.4644706453830827	1.4499833090341137	1.4313808468795897	1.4313808468795897	1.473583790243887	1.4660769580206456
0.0568	2	1.1998608695652173	1.5199721835916824	1.4621148471580425	1.4472121296191998	1.4285004471827485	1.4285004471827485	1.4714908752129197	1.4638176591442467
0.0572	2	1.1942260869565215	1.5188618864272212	1.4597735836785612	1.4444466159710405	1.4256316167902212	1.4256316167902212	1.4694180488307478	1.4615762426203702
0.057600000000000005	2	1.188591304347826	1.5177833400378073	1.4574467337049948	1.4416865214959904	1.4227742861384667	1.4227742861384667	1.4673652633252638	1.4593526549546545
0.058	2	1.1829565217391305	1.5167365444234406	1.4551341759976986	1.4389315987207276	1.419928386220521	1.419928386220521	1.465332471270981	1.457146843200686
0.0584	2	1.1773217391304347	1.515721499584121	1.4528357893170285	1.436181599292253	1.4170938485804414	1.4170938485804414	1.4633196255863743	1.4549587549565715
0.058800000000000005	2	1.171686956521739	1.5147382055198488	1.4505514524233405	1.4334362739778905	1.4142706053078191	1.4142706053078191	1.4613266795312372	1.4527883383615272
0.0592	2	1.1660521739130434	1.5137866622306237	1.44828104407699	1.4306953726652858	1.4114585890323528	1.4114585890323528	1.4593535867040555	1.4506355420924653
0.0596	2	1.1604173913043478	1.5128668697164462	1.4460244430383327	1.4279586443624093	1.4086577329184937	1.4086577329184937	1.4574003010393999	1.4485003153605902
0.060000000000000005	2	1.154782608695652	1.5119788279773156	1.4437815280677242	1.4252258371975515	1.4058679706601467	1.4058679706601467	1.4554667768053346	1.4463826079080078
0.0604	2	1.1491478260869563	1.5111225370132324	1.4415521779255205	1.4224966984193277	1.4030892364754397	1.4030892364754397	1.4535529686008397	1.4442823700043288
0.0608	2	1.1435130434782608	1.5102979968241965	1.4393362713720772	1.4197709743966762	1.4003214651015536	1.4003214651015536	1.4516588313532583	1.4421995524433031
0.061200000000000004	2	1.1378782608695652	1.509505207410208	1.43713368716775	1.4170484106188568	1.397564591789612	1.397564591789612	1.449784320315753	1.4401341065394404
0.0616	2	1.1322434782608695	1.5087441687712666	1.4349443040728949	1.4143287516954528	1.3948185522996313	1.3948185522996313	1.4479293910647835	1.4380859841246558
0.062	2	1.126608695652174	1.5080148809073723	1.4327680008478672	1.41161174135637	1.3920832828955332	1.3920832828955332	1.446093999497601	1.4360551375449195
0.062400000000000004	2	1.1209739130434782	1.5073173438185254	1.4306046562530228	1.4088971224518372	1.3893587203402114	1.3893587203402114	1.4442781018297604	1.434041519656919
0.06280000000000001	2	1.1153391304347824	1.506651557504726	1.4284541490487173	1.4061846369524065	1.3866448018906596	1.3866448018906596	1.4424816545926458	1.4320450838247307
0.0632	2	1.1097043478260868	1.5060175219659735	1.4263163579953064	1.403474025948952	1.3839414652931548	1.3839414652931548	1.440704614631017	1.4300657839165005
0.0636	2	1.104069565217391	1.5054152372022682	1.4241911618531464	1.4007650296526708	1.3812486487784956	1.3812486487784956	1.4389469391005751	1.4281035743011534
0.064	2	1.0984347826086955	1.5048447032136105	1.422078439382592	1.3980573873950832	1.3785662910573002	1.3785662910573002	1.4372085854655325	1.426158409845062
0.0644	2	1.0928	1.5043059200000002	1.4199780693439998	1.395350837628032	1.3758943313153549	1.3758943313153549	1.435489511496225	1.42423024590883
0.0648	2	1.0871652173913042	1.5037988875614368	1.4178899304977253	1.3926451179236827	1.3732327092090177	1.3732327092090177	1.433789675266712	1.4223190383439803
0.06520000000000001	2	1.0815304347826085	1.5033236058979207	1.415813901604124	1.3899399649745237	1.3705813648606775	1.3705813648606775	1.4321090351524108	1.420424743489691
0.0656	2	1.075895652173913	1.5028800750094518	1.4137498614235515	1.387235114593366	1.3679402388542607	1.3679402388542607	1.4304475498277462	1.4185473181695907
0.066	2	1.0702608695652174	1.5024682948960302	1.4116976887163641	1.3845303017133441	1.3653092722307965	1.3653092722307965	1.4288051782638158	1.4166867196885138
0.0664	2	1.0646260869565216	1.502088265557656	1.4096572622429167	1.3818252603879149	1.3626884064840268	1.3626884064840268	1.4271818797260671	1.4148429058292837
0.0668	2	1.058991304347826	1.5017399869943289	1.4076284607635658	1.3791197237908572	1.3600775835560708	1.3600775835560708	1.4255776137719982	1.4130158348495119
0.06720000000000001	2	1.0533565217391303	1.5014234592060491	1.4056111630386665	1.3764134242162744	1.3574767458331367	1.3574767458331367	1.4239923402488786	1.4112054654784463
0.06760000000000001	2	1.0477217391304348	1.5011386821928165	1.4036052478285748	1.3737060930785916	1.354885836141285	1.354885836141285	1.422426019291468	1.4094117569137397
0.068	2	1.042086956521739	1.5008856559546313	1.401610593893647	1.3709974609125564	1.3523047977422389	1.3523047977422389	1.420878611319778	1.407634668818351
0.0684	2	1.0364521739130435	1.5006643804914934	1.3996270799942376	1.36828725737324	1.3497335743292411	1.3497335743292411	1.419350077036829	1.4058741613173753
0.0688	2	1.030817391304348	1.500474855803403	1.3976545848907032	1.3655752112360364	1.3471721100229606	1.3471721100229606	1.417840377426436	1.4041301949949268
0.0692	2	1.0251826086956521	1.5003170818903593	1.395692987343399	1.362861050396661	1.3446203493674438	1.3446203493674438	1.4163494737510072	1.402402730891036
0.06960000000000001	2	1.0195478260869564	1.500191058752363	1.393742166112681	1.3601445018711538	1.3420782373261133	1.3420782373261133	1.4148773275493567	1.400691730498542
0.07	2	1.0139130434782606	1.5000967863894137	1.3918019999589053	1.3574252917958767	1.33954571927781	1.33954571927781	1.4134239006345366	1.3989971557600227
0.0704	2	1.008278260869565	1.5000342648015121	1.3898723676424267	1.3547031454275151	1.3370227410128817	1.3370227410128817	1.4119891550916854	1.397318969064731
0.0708	2	1.0026434782608695	1.5000034939886577	1.3879531479236018	1.3519777871430758	1.334509248729315	1.334509248729315	1.410573053275892	1.3956571332455487
0.0712	2	0.9970086956521739	1.5000044739508507	1.3860442195627858	1.34924894043989	1.3320051890289102	1.3320051890289102	1.4091755578100758	1.3940116115759573
0.0716	2	0.9913739130434782	1.5000372046880905	1.3841454613203346	1.3465163279356105	1.3295105089135009	1.3295105089135009	1.4077966315828814	1.3923823677670177
0.07200000000000001	2	0.9857391304347825	1.5001016862003782	1.3822567519566038	1.343779671368214	1.3270251557812138	1.3270251557812138	1.4064362377465938	1.390769365964382
0.0724	2	0.9801043478260869	1.5001979184877126	1.3803779702319492	1.341038691595998	1.3245490774227728	1.3245490774227728	1.405094339715066	1.3891725707453049
0.0728	2	0.9744695652173913	1.5003259015500945	1.3785089949067268	1.3382931085975862	1.3220822220178423	1.3220822220178423	1.4037709011616606	1.3875919471156792
0.0732	2	0.9688347826086956	1.5004856353875236	1.3766497047412918	1.3355426414719216	1.3196245381314116	1.3196245381314116	1.4024658860172157	1.3860274605070988
0.0736	2	0.9632000000000001	1.50067712	1.374799978496	1.332787008438272	1.3171759747102212	1.3171759747102212	1.4011792584680145	1.3844790767739057
0.07400000000000001	2	0.9575652173913043	1.5009003553875238	1.3729596949312075	1.3300259268362276	1.314736481079227	1.314736481079227	1.3999109829537861	1.3829467621903166
0.07440000000000001	2	0.9519304347826086	1.5011553415500947	1.3711287328072697	1.3272591131257008	1.3123060069381047	1.3123060069381047	1.398661024165699	1.38143048344746
0.0748	2	0.946295652173913	1.5014420784877127	1.369306970884542	1.324486282886928	1.309884502357792	1.309884502357792	1.3974293470443957	1.37993020765055
0.0752	2	0.9406608695652174	1.5017605662003781	1.3674942879233811	1.3217071508204672	1.3074719177770704	1.3074719177770704	1.396215916778032	1.37844590231603
0.0756	2	0.9350260869565217	1.5021108046880907	1.3656905626841418	1.3189214307471997	1.3050682039991828	1.3050682039991828	1.3950206988003186	1.3769775353686626
0.076	2	0.929391304347826	1.5024927939508506	1.3638956739271801	1.31612883560833	1.302673312188491	1.302673312188491	1.3938436587886023	1.3755250751387629
0.07640000000000001	2	0.9237565217391303	1.5029065339886576	1.3621095004128518	1.3133290774653847	1.3002871938671672	1.3002871938671672	1.392684762661947	1.3740884903593689
0.07680000000000001	2	0.9181217391304346	1.503352024801512	1.3603319209015123	1.310521867500214	1.2979098009119228	1.2979098009119228	1.3915439765792237	1.3726677501634044
0.0772	2	0.9124869565217391	1.5038292663894142	1.3585628141535182	1.3077069160149901	1.2955410855507739	1.2955410855507739	1.390421266937246	1.3712628240809988
0.0776	2	0.9068521739130434	1.5043382587523628	1.3568020589292242	1.3048839324322081	1.2931810003598414	1.2931810003598414	1.3893166003688768	1.369873682036616
0.078	2	0.9012173913043477	1.504879001890359	1.3550495339889868	1.3020526252946862	1.2908294982601862	1.2908294982601862	1.388229943741185	1.3685002943463713
0.0784	2	0.8955826086956522	1.5054514958034027	1.3533051180931608	1.2992127022655657	1.2884865325146775	1.2884865325146775	1.3871612641535993	1.3671426317152915
0.07880000000000001	2	0.8899478260869564	1.5060557404914934	1.351568690002103	1.2963638701283102	1.2861520567248976	1.2861520567248976	1.3861105289360929	1.3658006652346437
0.0792	2	0.8843130434782608	1.5066917359546315	1.349840128476168	1.293505834786706	1.2838260248280788	1.2838260248280788	1.3850777056473493	1.3644743663791372
0.0796	2	0.8786782608695651	1.5073594821928167	1.3481193122757125	1.2906383012648628	1.2815083910940739	1.2815083910940739	1.3840627620729915	1.3631637070043845
0.08	2	0.8730434782608696	1.508058979206049	1.3464061201610917	1.2877609737072122	1.279199110122358	1.279199110122358	1.383065666223778	1.3618686593441416
0.0804	2	0.8674086956521739	1.508790226994329	1.3447004308926611	1.28487355537851	1.2768981368390664	1.2768981368390664	1.3820863863338497	1.360589196007731
0.08080000000000001	2	0.8617739130434781	1.5095532255576558	1.343002123230777	1.2819757486638328	1.274605426494059	1.274605426494059	1.3811248908589624	1.359325289977366
0.08120000000000001	2	0.8561391304347824	1.5103479748960302	1.341311075935795	1.2790672550685824	1.2723209346580222	1.2723209346580222	1.3801811484747573	1.3580769146055887
0.0816	2	0.8505043478260867	1.5111744750094518	1.3396271677680702	1.2761477752184816	1.270044617219596	1.270044617219596	1.3792551280750287	1.3568440436126625
0.082	2	0.8448695652173912	1.5120327258979205	1.337950277487959	1.2732170088595762	1.2677764303825376	1.2677764303825376	1.3783467987700115	1.35562665108398
0.0824	2	0.8392347826086956	1.5129227275614365	1.336280283855817	1.2702746548582358	1.2655163306629102	1.2655163306629102	1.3774561298846888	1.354424711467563
0.0828	2	0.8335999999999999	1.51384448	1.334617065632	1.267320411201152	1.263264274886306	1.263264274886306	1.3765830909571017	1.3532381995714728
0.08320000000000001	2	0.8279652173913041	1.5147979832136107	1.3329605015768633	1.264353974995339	1.2610202201850957	1.2610202201850957	1.375727651736681	1.3520670905613152
0.08360000000000001	2	0.8223304347826086	1.5157832372022686	1.3313104704507628	1.261375042468135	1.2587841239957092	1.2587841239957092	1.374889782182586	1.3509113599577198
0.084	2	0.8166956521739129	1.5168002419659736	1.3296668510140544	1.258383308967199	1.2565559440559437	1.2565559440559437	1.374069452462067	1.3497709836338756
0.0844	2	0.8110608695652173	1.517848997504726	1.3280295220270935	1.2553784689605147	1.2543356384023034	1.2543356384023034	1.3732666329488312	1.348645937813051
0.0848	2	0.8054260869565217	1.5189295038185255	1.3263983622502362	1.252360216036388	1.252123165367362	1.252123165367362	1.3724812942214233	1.347536199066128
0.0852	2	0.7997913043478261	1.5200417609073722	1.324773250443838	1.2493282429034474	1.249918483577158	1.249918483577158	1.3717134070616281	1.346441744309193
0.08560000000000001	2	0.7941565217391303	1.5211857687712667	1.3231540653682545	1.246282241390644	1.2477215519486156	1.2477215519486156	1.3709629424528713	1.3453625508010874
0.08600000000000001	2	0.7885217391304347	1.522361527410208	1.3215406857838417	1.2432219024472522	1.2455323296869922	1.2455323296869922	1.370229871578648	1.3442985961410279
0.0864	2	0.7828869565217391	1.5235690368241965	1.319932990450955	1.2401469161428689	1.2433507762833542	1.2433507762833542	1.3695141658209569	1.3432498582662151
0.0868	2	0.7772521739130435	1.5248082970132324	1.3183308581299502	1.2370569716674142	1.2411768515120771	1.2411768515120771	1.368815796758745	1.3422163154494549
0.0872	2	0.7716173913043478	1.5260793079773158	1.3167341675811832	1.2339517573311307	1.2390105154283741	1.2390105154283741	1.3681347361663705	1.3411979462968149
0.0876	2	0.7659826086956523	1.5273820697164464	1.3151427975650098	1.2308309605645837	1.23685172836585	1.23685172836585	1.3674709560120777	1.340194729745287
0.08800000000000001	2	0.7603478260869563	1.528716582230624	1.313556626841785	1.2276942679186607	1.2347004509340775	1.2347004509340775	1.3668244284564777	1.3392066450604552
0.0884	2	0.7547130434782607	1.5300828455198485	1.3119755341718655	1.2245413650645733	1.2325566440162052	1.2325566440162052	1.3661951258510556	1.3382336718342334
0.0888	2	0.7490782608695651	1.5314808595841207	1.3103993983156064	1.2213719367938558	1.230420268766584	1.230420268766584	1.3655830207366706	1.3372757899825114
0.0892	2	0.7434434782608694	1.5329106244234405	1.3088280980333638	1.2181856670183646	1.2282912866084208	1.2282912866084208	1.3649880858420818	1.3363329797429162
0.0896	2	0.7378086956521739	1.534372140037807	1.3072615120854927	1.2149822387702787	1.2261696592314582	1.2261696592314582	1.3644102940824907	1.3354052216725896
0.09000000000000001	2	0.7321739130434781	1.5358654064272212	1.3056995192323497	1.2117613342021005	1.2240553485896752	1.2240553485896752	1.3638496185580824	1.3344924966459042
0.09040000000000001	2	0.7265391304347825	1.5373904235916824	1.3041419982342901	1.208522634586655	1.2219483168990137	1.2219483168990137	1.3633060325525816	1.3335947858522474
0.0908	2	0.7209043478260868	1.5389471915311912	1.3025888278516695	1.2052658203170905	1.2198485266351273	1.2198485266351273	1.3627795095318298	1.3327120707938254
0.0912	2	0.7152695652173913	1.5405357102457469	1.3010398868448438	1.2019905709068768	1.2177559405311533	1.2177559405311533	1.3622700231423686	1.331844333283489
0.0916	2	0.7096347826086956	1.54215597973535	1.2994950539741688	1.198696564989808	1.2156705215755088	1.2156705215755088	1.3617775472100262	1.330991555442505
0.092	2	0.704	1.5438079999999998	1.297954208	1.1953834803199999	1.2135922330097086	1.2135922330097086	1.3613020557385342	1.3301537196984534
0.09240000000000001	2	0.6983652173913042	1.5454917710396976	1.2964172276826933	1.1920509937718922	1.2115210383262047	1.2115210383262047	1.3608435229081355	1.3293308087830318
0.09280000000000001	2	0.6927304347826087	1.5472072928544425	1.294883991782604	1.188698781340246	1.2094569012662486	1.2094569012662486	1.3604019230742186	1.3285228057299627
0.0932	2	0.687095652173913	1.5489545654442343	1.2933543790600885	1.1853265181401462	1.2073997858177772	1.2073997858177772	1.359977230765962	1.327729693872881
0.0936	2	0.6814608695652173	1.5507335888090736	1.291828268275502	1.1819338784070008	1.2053496562133152	1.2053496562133152	1.3595694206849853	1.3269514568432466
0.094	2	0.6758260869565218	1.5525443629489604	1.2903055381892004	1.1785205354965398	1.2033064769279063	1.2033064769279063	1.3591784677039942	1.326188078568161
0.0944	2	0.6701913043478261	1.554386887863894	1.2887860675615395	1.1750861618848154	1.201270212677057	1.201270212677057	1.3588043468654831	1.3254395432684465
0.09480000000000001	2	0.6645565217391303	1.5562611635538754	1.2872697351528744	1.1716304291682045	1.1992408284147078	1.1992408284147078	1.3584470333804035	1.3247058354565184
0.0952	2	0.6589217391304347	1.5581671900189038	1.2857564197235618	1.1681530080634055	1.1972182893312235	1.1972182893312235	1.3581065026268624	1.323986939934338
0.0956	2	0.653286956521739	1.560104967258979	1.2842460000339566	1.1646535684074395	1.1952025608513999	1.1952025608513999	1.3577827301488228	1.3232828417913718
0.096	2	0.6476521739130435	1.5620744952741021	1.2827383548444153	1.1611317791576514	1.1931936086324963	1.1931936086324963	1.3574756916548465	1.3225935264027142
0.0964	2	0.6420173913043478	1.5640757740642723	1.2812333629152928	1.157587308391708	1.1911913985622835	1.1911913985622835	1.3571853630167858	1.3219189794268988
0.09680000000000001	2	0.636382608695652	1.56610880362949	1.2797309030069455	1.154019823307599	1.1891958967571146	1.1891958967571146	1.3569117202685528	1.3212591868040766
0.09720000000000001	2	0.6307478260869566	1.5681735839697546	1.2782308538797287	1.1504289902236373	1.1872070695600105	1.1872070695600105	1.3566547396048523	1.3206141347539722
0.0976	2	0.6251130434782608	1.5702701150850662	1.2767330942939978	1.1468144745784579	1.1852248835387722	1.1852248835387722	1.3564143973799532	1.3199838097739924
0.098	2	0.6194782608695653	1.5723983969754256	1.2752375030101093	1.14317594093102	1.1832493054841033	1.1832493054841033	1.3561906701064395	1.3193681986371835
0.0984	2	0.6138434782608695	1.5745584296408315	1.2737439587884185	1.1395130529606037	1.1812803024077574	1.1812803024077574	1.3559835344540159	1.3187672883904642
0.0988	2	0.6082086956521741	1.5767502130812858	1.2722523403892814	1.1358254734668143	1.1793178415407017	1.1793178415407017	1.3557929672482827	1.3181810663526101
0.09920000000000001	2	0.602573913043478	1.5789737472967862	1.2707625265730529	1.1321128643695764	1.1773618903312992	1.1773618903312992	1.3556189454695329	1.3176095201123583
0.09960000000000001	2	0.5969391304347825	1.5812290322873346	1.2692743961000899	1.1283748867091417	1.1754124164435085	1.1754124164435085	1.3554614462515793	1.3170526375266194
0.1	2	0.5913043478260868	1.58351606805293	1.267787827730747	1.124611200646081	1.1734693877551017	1.1734693877551017	1.3553204468805584	1.3165104067185147
0.1004	2	0.5856695652173913	1.585834854593573	1.2663027002253808	1.1208214654612902	1.1715327723559015	1.1715327723559015	1.355195924793771	1.3159828160755875
0.1008	2	0.5800347826086956	1.5881853919092628	1.2648188923443464	1.1170053395559871	1.1696025385460316	1.1696025385460316	1.3550878575785164	1.3154698542479322
0.1012	2	0.5744	1.59056768	1.263336282848	1.1131624804517122	1.1676786548341898	1.1676786548341898	1.3549962229709482	1.3149715101464063
0.10160000000000001	2	0.5687652173913043	1.5929817188657847	1.261854750496697	1.1092925447903288	1.1657610899359339	1.1657610899359339	1.3549209988549262	1.314487772940782
0.10200000000000001	2	0.5631304347826085	1.5954275085066165	1.2603741740507932	1.1053951883340238	1.1638498127719865	1.1638498127719865	1.3548621632608935	1.3140186320579865
0.1024	2	0.5574956521739131	1.5979050489224953	1.2588944322706443	1.1014700659653056	1.161944792466556	1.161944792466556	1.354819694364748	1.3135640771803003
0.1028	2	0.5518608695652173	1.6004143401134217	1.257415403916606	1.0975168316870072	1.1600459983456735	1.1600459983456735	1.3547935704867275	1.3131240982435544
0.1032	2	0.5462260869565219	1.6029553820793954	1.2559369677490342	1.0935351386222827	1.1581533999355462	1.1581533999355462	1.3547837700903245	1.3126986854354852
0.10360000000000001	2	0.5405913043478258	1.605528174820416	1.254459002528284	1.0895246390146092	1.156266966960928	1.156266966960928	1.3547902717811697	1.3122878291938718
0.10400000000000001	2	0.5349565217391303	1.6081327183364842	1.252981387014712	1.0854849842277876	1.1543866693435052	1.1543866693435052	1.3548130543059609	1.3118915202048642
0.1044	2	0.5293217391304346	1.610769012627599	1.2515039999686732	1.081415824745941	1.1525124772002964	1.1525124772002964	1.3548520965513813	1.311509749401257
0.1048	2	0.523686956521739	1.613437057693762	1.2500267201505237	1.0773168101735155	1.1506443608420716	1.1506443608420716	1.3549073775430336	1.3111425079607701
0.1052	2	0.5180521739130433	1.6161368535349716	1.2485494263206194	1.0731875892352793	1.1487822907717817	1.1487822907717817	1.3549788764443982	1.3107897873044703
0.1056	2	0.5124173913043478	1.6188684001512286	1.2470719972393154	1.0690278097763244	1.1469262376830094	1.1469262376830094	1.3550665725557423	1.3104515790948266
0.10600000000000001	2	0.5067826086956521	1.6216316975425333	1.2455943116669679	1.0648371187620653	1.1450761724584289	1.1450761724584289	1.3551704453131301	1.310127875234369
0.10640000000000001	2	0.5011478260869563	1.6244267457088846	1.2441162483639325	1.0606151622782385	1.1432320661682835	1.1432320661682835	1.3552904742873606	1.3098186678638306
0.1068	2	0.49551304347826086	1.6272535446502836	1.242637686090565	1.0563615855309048	1.1413938900688805	1.1413938900688805	1.3554266391829466	1.309523949360542
0.1072	2	0.4898782608695651	1.63011209436673	1.2411585036072208	1.0520760328464465	1.139561615601094	1.139561615601094	1.3555789198371158	1.3092437123368708
0.1076	2	0.4842434782608696	1.633002394858223	1.239678579674256	1.0477581476715692	1.1377352143888877	1.1377352143888877	1.3557472962187864	1.3089779496385243
0.108	2	0.47860869565217384	1.6359244461247635	1.2381977930520258	1.043407572573301	1.1359146582378505	1.1359146582378505	1.3559317484275808	1.3087266543430034
0.10840000000000001	2	0.4729739130434781	1.6388782481663515	1.2367160225008864	1.0390239492389932	1.1340999191337449	1.1340999191337449	1.3561322566928298	1.3084898197579546
0.10880000000000001	2	0.4673391304347826	1.641863800982987	1.235233146781194	1.0346069184763207	1.1322909692410696	1.1322909692410696	1.3563488013725924	1.308267439419635
0.1092	2	0.4617043478260868	1.6448811045746692	1.2337490446533028	1.0301561202132787	1.1304877809016376	1.1304877809016376	1.3565813629526975	1.3080595070913996
0.1096	2	0.4560695652173914	1.6479301589413993	1.23226359487757	1.0256711934981886	1.1286903266331658	1.1286903266331658	1.356829922045753	1.3078660167620118
0.11	2	0.4504347826086956	1.6510109640831758	1.2307766762143502	1.021151776499691	1.1268985791278783	1.1268985791278783	1.3570944593902097	1.3076869626442085
0.11040000000000001	2	0.44479999999999986	1.6541235200000002	1.229288167424	1.016597506506752	1.125112511251125	1.125112511251125	1.3573749558493984	1.307522339173092
0.11080000000000001	2	0.4391652173913041	1.6572678266918714	1.2277979472668745	1.0120080199286594	1.12333209604001	1.12333209604001	1.3576713924106079	1.3073721410047383
0.11120000000000001	2	0.4335304347826086	1.66044388415879	1.22630589450333	1.0073829522950244	1.1215573067020363	1.1215573067020363	1.3579837501841228	1.3072363630144808
0.1116	2	0.42789565217391284	1.6636516924007563	1.2248118878937215	1.0027219382557802	1.1197881166137607	1.1197881166137607	1.3583120104023263	1.3071150002956171
0.112	2	0.42226086956521736	1.6668912514177698	1.2233158061984057	0.9980246115811836	1.1180244993194632	1.1180244993194632	1.3586561544187692	1.3070080481578188
0.1124	2	0.4166260869565216	1.67016256120983	1.221817528177737	0.9932906051618131	1.1162664285298283	1.1162664285298283	1.359016163707258	1.306915502125667
0.11280000000000001	2	0.4109913043478258	1.6734656217769377	1.2203169325920722	0.9885195510085707	1.1145138781206385	1.1145138781206385	1.3593920198609606	1.3068373579372206
0.11320000000000001	2	0.4053565217391304	1.6768004331190929	1.2188138982017669	0.9837110802526825	1.1127668221314806	1.1127668221314806	1.3597837045915009	1.3067736115425161
0.1136	2	0.39972173913043463	1.680166995236295	1.2173083037671761	0.9788648231456947	1.1110252347644625	1.1110252347644625	1.3601911997280811	1.3067242591021802
0.114	2	0.39408695652173914	1.6835653081285447	1.2158000280486563	0.9739804090594786	1.109289090382946	1.109289090382946	1.360614487216596	1.3066892969859598
0.1144	2	0.3884521739130434	1.6869953717958412	1.2142889498065628	0.9690574664862269	1.107558363510286	1.107558363510286	1.3610535491187596	1.3066687217713204
0.1148	2	0.3828173913043479	1.6904571862381854	1.2127749478012515	0.964095623038456	1.1058330288285863	1.1058330288285863	1.3615083676112376	1.306662530242003
0.11520000000000001	2	0.3771826086956521	1.693950751455577	1.2112579007930777	0.9590945054490041	1.1041130611774645	1.1041130611774645	1.3619789249848102	1.306670719386772
0.11560000000000001	2	0.37154782608695636	1.6974760674480152	1.2097376875423977	0.9540537395710335	1.1023984355528287	1.1023984355528287	1.3624652036434721	1.3066932863977345
0.116	2	0.3659130434782609	1.7010331342155012	1.208214186809567	0.9489729503780289	1.100689127105666	1.100689127105666	1.3629671861036432	1.30673022866928
0.1164	2	0.36027826086956516	1.704621951758034	1.2066872773549413	0.9438517619637966	1.098985111140842	1.098985111140842	1.3634848549932959	1.3067815437965247
0.1168	2	0.35464347826086967	1.7082425200756144	1.2051568379388762	0.9386897975424673	1.0972863631159115	1.0972863631159115	1.3640181930511375	1.306847229574014
0.11720000000000001	2	0.34900869565217363	1.711894839168242	1.2036227473217274	0.9334866794484933	1.0955928586399404	1.0955928586399404	1.3645671831257826	1.3069272839943669
0.11760000000000001	2	0.34337391304347814	1.7155789090359168	1.2020848842638507	0.9282420291366505	1.0939045734723385	1.0939045734723385	1.3651318081749415	1.307021705246958
0.11800000000000001	2	0.3377391304347824	1.719294729678639	1.2005431275256018	0.9229554671820379	1.092221483521702	1.092221483521702	1.3657120512646035	1.307130491716566
0.1184	2	0.3321043478260869	1.7230423010964087	1.198997355867337	0.9176266132800766	1.0905435648446686	1.0905435648446686	1.3663078955682382	1.3072536419820815
0.1188	2	0.3264695652173911	1.726821623289225	1.1974474480494113	0.9122550862465097	1.088870793644782	1.088870793644782	1.366919324365997	1.3073911548151902
0.1192	2	0.3208347826086957	1.7306326962570888	1.1958932828321802	0.9068405040174051	1.0872031462713658	1.0872031462713658	1.3675463210439154	1.3075430291790286
0.11960000000000001	2	0.3151999999999999	1.7344755200000004	1.1943347389760002	0.901382483649152	1.0855405992184106	1.0855405992184106	1.3681888690931507	1.3077092642270314
0.12000000000000001	2	0.30956521739130416	1.7383500945179586	1.1927716952412264	0.8958806413184629	1.0838831291234683	1.0838831291234683	1.3688469521091886	1.3078898593015695
0.12040000000000001	2	0.30393043478260867	1.7422564198109642	1.1912040303882148	0.8903345923223733	1.0822307127665582	1.0822307127665582	1.3695205537910633	1.3080848139326027
0.1208	2	0.2982956521739129	1.746194495879017	1.1896316231773207	0.8847439510782409	1.0805833270690821	1.0805833270690821	1.3702096579406189	1.308294127836604
0.1212	2	0.2926608695652174	1.7501643227221173	1.188054352368901	0.8791083311237472	1.0789409490927515	1.0789409490927515	1.37091424846172	1.3085178009151026
0.1216	2	0.28702608695652165	1.7541659003402645	1.1864720967233098	0.8734273451168951	1.0773035560385205	1.0773035560385205	1.3716343093595347	1.3087558332536813
0.12200000000000001	2	0.2813913043478259	1.7581992287334596	1.1848847350009042	0.8677006048360116	1.0756711252455335	1.0756711252455335	1.3723698247397709	1.3090082251206272
0.12240000000000001	2	0.27575652173913046	1.7622643079017017	1.1832921459620391	0.861927721179746	1.0740436341900776	1.0740436341900776	1.3731207788079214	1.3092749769656051
0.1228	2	0.2701217391304347	1.7663611378449906	1.18169420836707	0.8561083041670697	1.0724210604845477	1.0724210604845477	1.3738871558685593	1.3095560894186566
0.1232	2	0.2644869565217392	1.7704897185633275	1.180090800976354	0.850241962937279	1.07080338187642	1.07080338187642	1.3746689403245838	1.309851563288797
0.1236	2	0.25885217391304344	1.774650050056711	1.1784818025502453	0.8443283057499902	1.069190576247234	1.069190576247234	1.3754661166765338	1.3101613995630803
0.124	2	0.25321739130434795	1.778842132325142	1.1768670918491002	0.8383669399851446	1.0675826216115856	1.0675826216115856	1.3762786695218319	1.3104855994051403
0.12440000000000001	2	0.2475826086956519	1.7830659653686203	1.1752465476332743	0.8323574721430045	1.0659794961161266	1.0659794961161266	1.3771065835541028	1.310824164154204
0.12480000000000001	2	0.24194782608695645	1.787321549187146	1.1736200486631239	0.8262995078441575	1.0643811780385768	1.0643811780385768	1.3779498435624475	1.3111770953237716
0.1252	2	0.23631304347826068	1.7916088837807183	1.1719874736990035	0.8201926518295113	1.0627876457867398	1.0627876457867398	1.378808434430779	1.3115443946007057
0.12560000000000002	2	0.23067826086956492	1.7959279691493386	1.1703487015012701	0.8140365079602981	1.061198877897534	1.061198877897534	1.3796823411370913	1.3119260638438124
0.126	2	0.22504347826086946	1.8002788052930057	1.1687036108302786	0.8078306792180727	1.0596148530360268	1.0596148530360268	1.380571548752794	1.312322105082847
0.1264	2	0.2194086956521737	1.8046613922117203	1.167052080446385	0.8015747677047119	1.0580355499944796	1.0580355499944796	1.3814760424420385	1.3127325205174407
0.1268	2	0.2137739130434782	1.809075729905482	1.1653939891099452	0.7952683746424164	1.056460947691403	1.056460947691403	1.3823958074610112	1.3131573125157683
0.1272	2	0.20813913043478244	1.8135218183742912	1.1637292155813148	0.7889111003737084	1.0548910251706172	1.0548910251706172	1.3833308291572983	1.313596483613657
0.12760000000000002	2	0.20250434782608667	1.8179996576181479	1.1620576386208492	0.7825025443614338	1.0533257616003224	1.0533257616003224	1.3842810929691982	1.3140500365133456
0.128	2	0.1968695652173912	1.822509247637051	1.1603791369889045	0.7760423051887619	1.0517651362721785	1.0517651362721785	1.385246584425078	1.3145179740824862
0.12840000000000001	2	0.19123478260869545	1.827050588431002	1.1586935894458361	0.7695299805591829	1.0502091286003907	1.0502091286003907	1.3862272891427057	1.3150002993529455
0.1288	2	0.1856	1.83162368	1.1570008747520002	0.7629651672965122	1.0486577181208052	1.0486577181208052	1.3872231928286187	1.3154970155198829
0.1292	2	0.17996521739130422	1.8362285223440455	1.1553008716677517	0.7563474613448854	1.0471108844900114	1.0471108844900114	1.3882342812774535	1.3160081259404415
0.1296	2	0.17433043478260873	1.840865115463138	1.1535934589534473	0.7496764577687633	1.0455686074844528	1.0455686074844528	1.389260540371339	1.316533634132938
0.13	2	0.16869565217391297	1.845533459357278	1.151878515369442	0.7429517507529276	1.0440308669995462	1.0440308669995462	1.3903019560792444	1.3170735437756604
0.13040000000000002	2	0.1630608695652172	1.8502335540264654	1.150155919676092	0.7361729336024843	1.042497643048807	1.042497643048807	1.3913585144563465	1.3176278587057708
0.1308	2	0.15742608695652174	1.8549653994706996	1.1484255506337524	0.7293395987428615	1.040968915762985	1.040968915762985	1.392430201643445	1.318196582918564
0.1312	2	0.15179130434782598	1.8597289956899816	1.1466872870027796	0.7224513377198096	1.0394446653892042	1.0394446653892042	1.3935170038662874	1.3187797205659963
0.1316	2	0.14615652173913052	1.86452434268431	1.1449410075435287	0.7155077411994031	1.0379248722901135	1.0379248722901135	1.394618907435003	1.3193772759560058
0.132	2	0.14052173913043475	1.8693514404536864	1.143186591016356	0.708508398968038	1.0364095169430425	1.0364095169430425	1.395735898743473	1.3199892535513424
0.13240000000000002	2	0.134886956521739	1.87421028899811	1.1414239161816166	0.7014528999324339	1.034898579939166	1.034898579939166	1.3968679642687398	1.3206156579686308
0.1328	2	0.1292521739130435	1.8791008883175806	1.1396528617996666	0.6943408321196333	1.0333920419826748	1.0333920419826748	1.398015090570392	1.3212564939772444
0.1332	2	0.12361739130434775	1.8840232384120985	1.137873306630862	0.6871717826770005	1.0318898838899557	1.0318898838899557	1.3991772642900018	1.3219117664985436
0.1336	2	0.11798260869565227	1.8889773392816638	1.1360851294355578	0.6799453378722238	1.030392086588775	1.030392086588775	1.4003544721504948	1.322581480604574
0.134	2	0.11234782608695651	1.8939631909262764	1.1342882089741106	0.6726610830933135	1.0288986311174735	1.0288986311174735	1.4015467009556173	1.3232656415174517
0.13440000000000002	2	0.10671304347826074	1.898980793345936	1.132482424006875	0.6653186028486028	1.0274094986241646	1.0274094986241646	1.4027539375893068	1.3239642546080388
0.1348	2	0.10107826086956528	1.9040301465406428	1.1306676532942077	0.6579174807667487	1.0259246703659428	1.0259246703659428	1.4039761690151542	1.3246773253952129
0.13520000000000001	2	0.09544347826086952	1.9091112505103975	1.1288437755964642	0.6504572995967296	1.0244441277080956	1.0244441277080956	1.405213382275819	1.3254048595448216
0.1356	2	0.08980869565217404	1.9142241052551985	1.1270106696739997	0.6429376412078472	1.0229678521233254	1.0229678521233254	1.4064655644924744	1.326146862868796
0.136	2	0.08417391304347828	1.9193687107750474	1.1251682142871702	0.6353580865897259	1.0214958251909754	1.0214958251909754	1.4077327028642324	1.326903341324094
0.1364	2	0.0785391304347828	1.924545067069943	1.123316288196332	0.6277182158523142	1.0200280285962642	1.0200280285962642	1.40901478466761	1.3276743010119423
0.1368	2	0.07290434782608704	1.9297531741398868	1.12145477016184	0.6200176082258811	1.018564444129526	1.018564444129526	1.4103117972559365	1.3284597481765792
0.13720000000000002	2	0.06726956521739098	1.9349930319848774	1.1195835389440498	0.6122558420610196	1.017105053685458	1.017105053685458	1.4116237280588741	1.3292596892048327
0.1376	2	0.061634782608695815	1.9402646406049153	1.1177024733033187	0.6044324948286471	1.0156498392623732	1.0156498392623732	1.412950564581805	1.330074130624701
0.138	2	0.05599999999999975	1.945568	1.115811452	0.5965471431199998	1.0141987829614603	1.0141987829614603	1.4142922944053384	1.3309030791047702
0.1384	2	0.050365217391304576	1.9509031101701324	1.1139103537944515	0.5885993626466416	1.0127518669860505	1.0127518669860505	1.415648905184768	1.3317465414532252
0.1388	2	0.04473043478260852	1.956269971115312	1.1119990574470275	0.5805887282404545	1.0113090736408883	1.0113090736408883	1.4170203846495277	1.3326045246168845
0.13920000000000002	2	0.039095652173912754	1.961668582835539	1.1100774417180845	0.5725148138536467	1.0098703853314128	1.0098703853314128	1.4184067206026914	1.33347703568045
0.1396	2	0.03346086956521728	1.967098945330813	1.1081453853679784	0.5643771925587485	1.0084357845630403	1.0084357845630403	1.4198079009204154	1.3343640818654
0.14	2	0.027826086956521518	1.9725610586011344	1.106202767157064	0.5561754365486113	1.0070052539404553	1.0070052539404553	1.421223913551469	1.33526567052943
0.1404	2	0.022191304347826048	1.9780549226465027	1.1042494658456978	0.5479091171364114	1.0055787761669084	1.0055787761669084	1.4226547465166823	1.3361818091653066
0.1408	2	0.016556521739130282	1.9835805374669189	1.1022853601942355	0.5395778047556471	1.0041563340435191	1.0041563340435191	1.4241003879084577	1.3371125054001487
0.14120000000000002	2	0.010921739130434519	1.9891379030623821	1.1003103289630325	0.5311810689601384	1.0027379104685838	1.0027379104685838	1.4255608258902623	1.3380577669945564
0.1416	2	0.00528695652173905	1.9947270194328923	1.0983242509124445	0.5227184784240304	1.0013234884368905	1.0013234884368905	1.4270360486961118	1.3390176018416358
0.14200000000000002	2	-0.00034782608695671513	2.0003478865784503	1.0963270048028273	0.5141896009417884	0.99991305103904	0.99991305103904	1.4285260446301056	1.33999201796639
0.1424	2	-0.005982608695652184	2.0060005044990548	1.094318469394537	0.5055940034282038	0.9985065814607715	0.9985065814607715	1.4300308020659194	1.3409810235247879
0.1428	2	-0.011617391304347949	2.011684873194707	1.0922985234479283	0.4969312519183869	0.9971040629822948	0.9971040629822948	1.4315503094462851	1.341984626802665
0.1432	2	-0.017252173913043418	2.017400992665406	1.090267045723358	0.4882009115677738	0.9957054789776267	0.9957054789776267	1.4330845552825702	1.3430028362154092
0.1436	2	-0.022886956521739183	2.023148862911153	1.0882239149811814	0.4794025466521221	0.994310812913936	0.994310812913936	1.4346335281542348	1.3440356603066752
0.14400000000000002	2	-0.02852173913043495	2.0289284839319475	1.086169009981754	0.4705357205675119	0.9929200483508891	0.9929200483508891	1.436197216708398	1.3450831077478713
0.1444	2	-0.03415652173913042	2.0347398557277883	1.084102209485432	0.46159999583034816	0.9915331689400079	0.9915331689400079	1.4377756096593457	1.3461451873372288
0.1448	2	-0.039791304347826184	2.040582978298677	1.0820233922525704	0.45259493407735507	0.9901501584240253	0.9901501584240253	1.4393686957880525	1.347221907998946
0.1452	2	-0.04542608695652165	2.0464578516446124	1.0799324370435257	0.44352009606558396	0.9887710006362528	0.9887710006362528	1.4409764639417464	1.3483132787825989
0.1456	2	-0.051060869565217416	2.0523644757655957	1.0778292226186532	0.4343750416724049	0.9873956794999486	0.9873956794999486	1.4425989030334088	1.3494193088620832
0.14600000000000002	2	-0.05669565217391318	2.058302850661626	1.0757136277383086	0.4251593298955131	0.9860241790276945	0.9860241790276945	1.4442360020413454	1.3505400075350436
0.1464	2	-0.06233043478260865	2.0642729763327035	1.073585531162848	0.41587251885292675	0.9846564833207756	0.9846564833207756	1.445887750008723	1.351675384222045
0.1468	2	-0.06796521739130441	2.0702748527788284	1.0714448116526265	0.40651416578298516	0.9832925765685652	0.9832925765685652	1.4475541360431123	1.3528254484657336
0.1472	2	-0.07359999999999989	2.0763084800000002	1.0692913479680002	0.3970838270443521	0.9819324430479182	0.9819324430479182	1.449235149316047	1.3539902099301413
0.1476	2	-0.07923478260869565	2.0823738579962194	1.0671250188693249	0.3875810581160133	0.9805760671225634	0.9805760671225634	1.4509307790625707	1.35516967839986
0.14800000000000002	2	-0.08486956521739142	2.0884709867674864	1.0649457031169558	0.37800541359727663	0.9792234332425069	0.9792234332425069	1.4526410145808137	1.356363863779388
0.1484	2	-0.09050434782608688	2.0945998663138	1.0627532794712493	0.36835644720777516	0.9778745259434364	0.9778745259434364	1.4543658452315347	1.357572776092262
0.14880000000000002	2	-0.09613913043478264	2.100760496635161	1.0605476266925606	0.35863371178746145	0.9765293298461329	0.9765293298461329	1.4561052604377054	1.358796425480406
0.1492	2	-0.10177391304347812	2.106952877731569	1.058328623541246	0.3488367592966144	0.975187829655886	0.975187829655886	1.4578592496840763	1.360034822203413
0.1496	2	-0.10740869565217388	2.113177009603025	1.0560961487776603	0.3389651408158321	0.973850010161913	0.973850010161913	1.459627802516729	1.3612879766376094
0.15	2	-0.11304347826086936	2.1194328922495274	1.05385008116216	0.32901840654603876	0.9725158562367865	0.9725158562367865	1.4614109085426925	1.3625558992756512
0.1504	2	-0.11867826086956512	2.1257205256710776	1.0515902994551007	0.31899610580847926	0.9711853528358612	0.9711853528358612	1.4632085574294813	1.3638386007254903
0.15080000000000002	2	-0.12431304347826118	2.132039909867675	1.0493166824168378	0.3088977870447212	0.9698584849967109	0.9698584849967109	1.4650207389047072	1.3651360917098598
0.1512	2	-0.12994782608695665	2.1383910448393193	1.047029108807727	0.29872299781665745	0.9685352378385661	0.9685352378385661	1.4668474427556575	1.3664483830655032
0.1516	2	-0.13558260869565242	2.1447739305860116	1.0447274573881244	0.2884712848064999	0.9672155965617587	0.9672155965617587	1.4686886588288832	1.3677754857424578
0.152	2	-0.14121739130434788	2.1511885671077504	1.042411606918386	0.2781421938167874	0.9658995464471694	0.9658995464471694	1.4705443770297837	1.3691174108033164
0.1524	2	-0.14685217391304364	2.157634954404537	1.0400814361588666	0.26773526977037765	0.9645870728556807	0.9645870728556807	1.4724145873222192	1.370474169422603
0.15280000000000002	2	-0.1524869565217394	2.164113092476371	1.0377368238699223	0.2572500567104532	0.9632781612276351	0.9632781612276351	1.474299279728108	1.3718457728861158
0.1532	2	-0.15812173913043487	2.1706229813232514	1.0353776488119089	0.24668609780052098	0.9619727970822944	0.9619727970822944	1.4761984443270104	1.3732322325900639
0.15360000000000001	2	-0.16375652173913063	2.1771646209451796	1.033003789745182	0.23604293532440637	0.9606709660173088	0.9606709660173088	1.4781120712557492	1.3746335600405415
0.154	2	-0.16939130434782612	2.183738011342155	1.030615125430098	0.22532011068626248	0.9593726537081838	0.9593726537081838	1.4800401507080223	1.376049766852839
0.1544	2	-0.1750260869565219	2.190343152514178	1.0282115346270115	0.21451716441056085	0.9580778459077579	0.9580778459077579	1.4819826729340035	1.3774808647507177
0.15480000000000002	2	-0.18066086956521765	2.196980044461248	1.0257928960962786	0.20363363614209865	0.9567865284456794	0.9567865284456794	1.4839396282399648	1.3789268655657967
0.1552	2	-0.1862956521739131	2.2036486871833647	1.0233590885982555	0.19266906464599623	0.9554986872278903	0.9554986872278903	1.4859110069878725	1.3803877812367151
0.15560000000000002	2	-0.19193043478260888	2.2103490806805297	1.0209099908932975	0.18162298780769306	0.9542143082361141	0.9542143082361141	1.4878967995950618	1.3818636238089097
0.156	2	-0.19756521739130434	2.217081224952741	1.0184454817417605	0.17049494263295656	0.952933377527345	0.952933377527345	1.4898969965337914	1.3833544054334075
0.1564	2	-0.2032000000000001	2.2238451200000005	1.0159654399040003	0.15928446524787235	0.9516558812333461	0.9516558812333461	1.4919115883309124	1.384860138366545
0.1568	2	-0.2088347826086956	2.230640765822306	1.0134697441403722	0.14799109089885132	0.9503818055601468	0.9503818055601468	1.4939405655674982	1.3863808349692612
0.1572	2	-0.21446956521739136	2.2374681624196597	1.0109582732112317	0.1366143539526264	0.9491111367875475	0.9491111367875475	1.4959839188784527	1.387916507706357
0.15760000000000002	2	-0.22010434782608712	2.244327309792061	1.0084309058769356	0.1251537878962541	0.9478438612686271	0.9478438612686271	1.4980416389521651	1.3894671691459575
0.158	2	-0.22573913043478258	2.251218207939509	1.0058875208978386	0.11360892533711345	0.9465799654292535	0.9465799654292535	1.500113716530143	1.391032831958863
0.1584	2	-0.23137391304347835	2.2581408568620045	1.003327997034297	0.10197929800290535	0.9453194357675995	0.9453194357675995	1.5022001424066507	1.392613508917898
0.1588	2	-0.2370086956521738	2.2650952565595466	1.000752213046666	0.09026443674165414	0.944062258853662	0.944062258853662	1.5043009074283547	1.3942092128973294
0.1592	2	-0.24264347826086957	2.2720814070321365	0.998160047695302	0.07846387152170742	0.9428084213287861	0.9428084213287861	1.5064160024939675	1.3958199568722023
0.15960000000000002	2	-0.24827826086956534	2.2790993082797737	0.9955513797405603	0.06657713143173478	0.9415579099051891	0.9415579099051891	1.5085454185538985	1.3974457539177716
0.16	2	-0.2539130434782608	2.286148960302458	0.9929260879427961	0.054603744680729406	0.9403107113654947	0.9403107113654947	1.5106891466099062	1.399086617208874
0.16040000000000001	2	-0.2595478260869566	2.2932303631001894	0.9902840510623663	0.04254323859800646	0.9390668125622642	0.9390668125622642	1.512847177714749	1.4007425600193222
0.1608	2	-0.265182608695652	2.300343516672968	0.987625147859626	0.030395139633205837	0.9378262004175366	0.9378262004175366	1.5150195029718543	1.402413595721382
0.1612	2	-0.2708173913043478	2.3074884210207944	0.9849492570949305	0.018158973356285912	0.9365888619223691	0.9365888619223691	1.517206113534944	1.4040997377849065
0.16160000000000002	2	-0.2764521739130439	2.3146650761436676	0.9822562575286358	0.005834264457532434	0.9353547841363828	0.9353547841363828	1.5194070006077527	1.4058009997772303
0.162	2	-0.28208695652173904	2.321873482041588	0.979546027921098	-0.006579463252447107	0.9341239541873123	0.9341239541873123	1.5216221554436447	1.4075173953621436
0.16240000000000002	2	-0.2877217391304351	2.3291136387145563	0.9768184470326725	-0.019082686842725256	0.9328963592705559	0.9328963592705559	1.5238515693452999	1.4092489382994997
0.1628	2	-0.2933565217391303	2.336385546162571	0.9740733936237158	-0.031675884262046296	0.9316719866487353	0.9316719866487353	1.5260952336643776	1.4109956424445849
0.1632	2	-0.29899130434782634	2.343689204385633	0.9713107464545818	-0.04435953433883869	0.9304508236512508	0.9304508236512508	1.5283531398011947	1.4127575217475794
0.1636	2	-0.3046260869565215	2.3510246133837427	0.9685303842856279	-0.05713411678120146	0.9292328576738474	0.9292328576738474	1.5306252792044086	1.4145345902530366
0.164	2	-0.3102608695652176	2.3583917731569	0.9657321858772088	-0.07000011217691662	0.9280180761781793	0.9280180761781793	1.5329116433706687	1.4163268620991656
0.16440000000000002	2	-0.31589565217391335	2.3657906837051046	0.9629160299896808	-0.08295800199343883	0.9268064666913813	0.9268064666913813	1.5352122238443209	1.4181343515173996
0.1648	2	-0.3215304347826088	2.3732213450283552	0.9600817953833998	-0.09600826857790037	0.9255980168056405	0.9255980168056405	1.5375270122170979	1.419957072831941
0.1652	2	-0.32716521739130455	2.3806837571266546	0.9572293608187211	-0.1091513951571145	0.9243927141777726	0.9243927141777726	1.5398560001277484	1.4217950404587776
0.1656	2	-0.33280000000000004	2.3881779200000004	0.9543586050560002	-0.12238786583756767	0.9231905465288036	0.9231905465288036	1.5421991792617986	1.4236482689056695
0.166	2	-0.3384347826086958	2.3957038336483936	0.9514694068555931	-0.13571816560542663	0.9219915016435498	0.9219915016435498	1.544556541351192	1.4255167727712703
0.16640000000000002	2	-0.34406956521739157	2.403261498071834	0.9485616449778558	-0.14914278032653172	0.920795567370208	0.920795567370208	1.5469280781740073	1.4274005667447516
0.1668	2	-0.34970434782608706	2.4108509132703215	0.9456351981831432	-0.16266219674640325	0.9196027316199401	0.9196027316199401	1.5493137815541083	1.4292996656049315
0.16720000000000002	2	-0.3553391304347828	2.4184720792438568	0.9426899452318118	-0.17627690249023922	0.9184129823664706	0.9184129823664706	1.5517136433609136	1.4312140842203127
0.1676	2	-0.36097391304347826	2.4261249959924385	0.9397257648842174	-0.18998738606291088	0.9172263076456796	0.9172263076456796	1.5541276555090477	1.4331438375481942
0.168	2	-0.366608695652174	2.433809663516068	0.9367425359007149	-0.20379413684897268	0.9160426955552015	0.9160426955552015	1.5565558099580294	1.4350889406339828
0.16840000000000002	2	-0.3722434782608698	2.4415260818147457	0.9337401370416609	-0.21769764511265094	0.9148621342540293	0.9148621342540293	1.558998098712003	1.4370494086109655
0.1688	2	-0.3778782608695653	2.449274250888469	0.9307184470674106	-0.23169840199785074	0.9136846119621176	0.9136846119621176	1.561454513819461	1.4390252566999018
0.16920000000000002	2	-0.38351304347826104	2.4570541707372406	0.9276773447383198	-0.2457968995281566	0.9125101169599925	0.9125101169599925	1.5639250473728787	1.4410165002078839
0.1696	2	-0.3891478260869565	2.4648658413610587	0.9246167088147443	-0.2599936306068257	0.9113386375883602	0.9113386375883602	1.5664096915085328	1.4430231545287548
0.17	2	-0.3947826086956523	2.472709262759925	0.9215364180570396	-0.2742890890167991	0.9101701622477246	0.9101701622477246	1.5689084384061014	1.4450452351416385
0.1704	2	-0.4004173913043477	2.4805844349338377	0.9184363512255622	-0.28868376942068696	0.9090046793980019	0.9090046793980019	1.571421280288464	1.4470827576111875
0.1708	2	-0.4060521739130435	2.488491357882798	0.9153163870806662	-0.303178167360785	0.9078421775581413	0.9078421775581413	1.5739482094213557	1.4491357375865106
0.17120000000000002	2	-0.41168695652173926	2.4964300316068058	0.9121764043827085	-0.31777277925905906	0.9066826453057493	0.9066826453057493	1.576489218113154	1.4512041908012812
0.1716	2	-0.41732173913043474	2.50440045610586	0.9090162818920451	-0.3324681024171552	0.905526071276713	0.905526071276713	1.579044298714532	1.4532881330726672
0.17200000000000001	2	-0.4229565217391305	2.5124026313799632	0.9058358983690316	-0.3472646350163971	0.9043724441648318	0.9043724441648318	1.5816134436182194	1.4553875803011462
0.1724	2	-0.428591304347826	2.5204365574291114	0.9026351325740221	-0.36216287611778597	0.9032217527214463	0.9032217527214463	1.5841966452587128	1.4575025484699249
0.1728	2	-0.43422608695652176	2.528502234253309	0.8994138632673749	-0.3771633256619973	0.9020739857550751	0.9020739857550751	1.5867938961120287	1.4596330536446094
0.17320000000000002	2	-0.4398608695652175	2.5365996618525526	0.8961719692094434	-0.3922664844693884	0.9009291321310499	0.9009291321310499	1.5894051886953804	1.461779111972386
0.1736	2	-0.44549565217391296	2.5447288402268438	0.8929093291605851	-0.407472854239988	0.8997871807711567	0.8997871807711567	1.5920305155669676	1.463940739681931
0.17400000000000002	2	-0.4511304347826087	2.552889769376182	0.8896258218811539	-0.42278293755350865	0.8986481206532781	0.8986481206532781	1.5946698693256707	1.466117953082688
0.1744	2	-0.4567652173913042	2.5610824493005673	0.8863213261315075	-0.43819723786933285	0.8975119408110386	0.8975119408110386	1.5973232426107864	1.4683107685643562
0.1748	2	-0.4624	2.569306880000001	0.8829957206720005	-0.4537162595265283	0.8963786303334529	0.8963786303334529	1.5999906281018117	1.4705192025968128
0.1752	2	-0.46803478260869547	2.5775630614744807	0.8796488842629888	-0.4693405077438311	0.8952481783645762	0.8952481783645762	1.602672018518125	1.4727432717291982
0.1756	2	-0.47366956521739123	2.585850993724008	0.8762806956648277	-0.48507048861966384	0.8941205741031584	0.8941205741031584	1.6053674066187344	1.4749829925894968
0.17600000000000002	2	-0.4793043478260873	2.5941706767485826	0.872891033637873	-0.5009067091321191	0.8929958068022983	0.8929958068022983	1.6080767852020714	1.4772383818844959
0.1764	2	-0.48493913043478243	2.6025221105482044	0.8694797769424814	-0.5168496771389682	0.8918738657691057	0.8918738657691057	1.6108001471056783	1.4795094563988498
0.1768	2	-0.4905739130434785	2.6109052951228735	0.8660468043390074	-0.5328999013776633	0.8907547403643574	0.8907547403643574	1.6135374852059834	1.4817962329948808
0.1772	2	-0.4962086956521737	2.61932023047259	0.862591994587808	-0.5490578914653274	0.8896384200021661	0.8896384200021661	1.6162887924180425	1.4840987286120655
0.1776	2	-0.5018434782608697	2.6277669165973534	0.8591152264492374	-0.5653241578987691	0.8885248941496431	0.8885248941496431	1.619054061695292	1.4864169602665964
0.17800000000000002	2	-0.5074782608695655	2.6362453534971646	0.8556163786836521	-0.5816992120544662	0.8874141523265681	0.8874141523265681	1.6218332860293079	1.4887509450509981
0.1784	2	-0.5131130434782609	2.644755541172023	0.8520953300514089	-0.5981835661885763	0.8863061841050621	0.8863061841050621	1.6246264584495145	1.4911007001333476
0.17880000000000001	2	-0.5187478260869567	2.653297479621928	0.8485519593128613	-0.6147777334369371	0.8852009791092568	0.8852009791092568	1.6274335720230493	1.49346624275768
0.1792	2	-0.5243826086956522	2.6618711688468806	0.8449861452283667	-0.6314822278150602	0.8840985270149759	0.8840985270149759	1.6302546198543821	1.4958475902424366
0.1796	2	-0.530017391304348	2.6704766088468816	0.8413977665582802	-0.6482975642181366	0.8829988175494093	0.8829988175494093	1.6330895950851616	1.498244759980775
0.18000000000000002	2	-0.5356521739130438	2.679113799621928	0.8377867020629571	-0.6652242584210329	0.8819018404907976	0.8819018404907976	1.6359384908939953	1.5006577694402585
0.1804	2	-0.5412869565217392	2.6877827411720228	0.8341528305027543	-0.6822628270782911	0.8808075856681118	0.8808075856681118	1.6388013004961	1.5030866361614994
0.18080000000000002	2	-0.546921739130435	2.696483433497165	0.8304960306380265	-0.6994137877241352	0.8797160429607418	0.8797160429607418	1.6416780171432122	1.5055313777589792
0.1812	2	-0.5525565217391304	2.7052158765973537	0.8268161812291297	-0.7166776587724618	0.8786272022981834	0.8786272022981834	1.6445686341232464	1.5079920119196975
0.1816	2	-0.5581913043478262	2.7139800704725907	0.8231131610364193	-0.7340549595168497	0.8775410536597275	0.8775410536597275	1.6474731447601114	1.5104685564031586
0.182	2	-0.5638260869565217	2.7227760151228737	0.8193868488202517	-0.7515462101305499	0.876457587074156	0.876457587074156	1.650391542413467	1.5129610290408615
0.1824	2	-0.5694608695652175	2.731603710548204	0.8156371233409822	-0.7691519316664934	0.8753767926194318	0.8753767926194318	1.6533238204785097	1.5154694477359953
0.18280000000000002	2	-0.5750956521739132	2.740463156748583	0.8118638633589665	-0.7868726460572866	0.8742986604224003	0.8742986604224003	1.6562699723857008	1.5179938304626437
0.1832	2	-0.5807304347826087	2.7493543537240073	0.8080669476345606	-0.8047088761152145	0.8732231806584863	0.8732231806584863	1.6592299916006266	1.5205341952661187
0.1836	2	-0.5863652173913044	2.7582773014744806	0.8042462549281197	-0.8226611455322393	0.8721503435513963	0.8721503435513963	1.662203871623688	1.5230905602617908
0.184	2	-0.5919999999999999	2.767232	0.800401664	-0.84072997888	0.8710801393728224	0.8710801393728224	1.6651916059899232	1.5256629436351132
0.1844	2	-0.5976347826086956	2.776218449300567	0.7965330536105573	-0.8589159016098128	0.8700125584421479	0.8700125584421479	1.668193188268786	1.5282513636411503
0.18480000000000002	2	-0.6032695652173914	2.7852366493761824	0.7926403025201472	-0.8772194400526706	0.8689475911261562	0.8689475911261562	1.671208612063916	1.5308558386041302
0.1852	2	-0.6089043478260869	2.794286600226844	0.7887232894891248	-0.8956411214192445	0.8678852278387393	0.8678852278387393	1.6742378710129202	1.5334763869170385
0.18560000000000001	2	-0.6145391304347827	2.8033683018525517	0.7847818932778458	-0.9141814737998832	0.8668254590406127	0.8668254590406127	1.6772809587871997	1.5361130270415393
0.186	2	-0.6201739130434781	2.8124817542533087	0.7808159926466676	-0.9328410261646086	0.8657682752390273	0.8657682752390273	1.6803378690916309	1.5387657775067745
0.1864	2	-0.6258086956521739	2.821626957429112	0.776825466355944	-0.9516203083631272	0.8647136669874881	0.8647136669874881	1.6834085956644924	1.54143465691009
0.18680000000000002	2	-0.6314434782608697	2.830803911379963	0.772810193166032	-0.9705198511248156	0.863661624885471	0.863661624885471	1.6864931322771528	1.5441196839158189
0.1872	2	-0.6370782608695651	2.8400126161058603	0.7687700518372861	-0.9895401860587303	0.8626121395781451	0.8626121395781451	1.689591472733909	1.54682087725531
0.18760000000000002	2	-0.6427130434782609	2.849253071606806	0.7647049211300629	-1.0086818456536069	0.8615652017560947	0.8615652017560947	1.6927036108717282	1.549538255726111
0.188	2	-0.6483478260869564	2.8585252778827983	0.7606146798047183	-1.0279453632778535	0.8605208021550435	0.8605208021550435	1.695829540560131	1.5522718381923664
0.1884	2	-0.6539826086956522	2.8678292349338372	0.7564992066216067	-1.0473312731795623	0.8594789315555823	0.8594789315555823	1.6989692557009044	1.5550216435837276
0.1888	2	-0.6596173913043476	2.8771649427599244	0.7523583803410855	-1.0668401104864955	0.8584395807828971	0.8584395807828971	1.7021227502279044	1.5577876908950579
0.1892	2	-0.6652521739130434	2.8865324013610594	0.7481920797235097	-1.086472411206096	0.8574027407064999	0.8574027407064999	1.7052900181069313	1.560569999186674
0.18960000000000002	2	-0.6708869565217395	2.8959316107372404	0.7440001835292339	-1.106228712225486	0.8563684022399618	0.8563684022399618	1.7084710533354397	1.5633685875832735
0.19	2	-0.6765217391304349	2.905362570888469	0.739782570518616	-1.1261095513114587	0.8553365563406469	0.8553365563406469	1.71166584994238	1.566183475273884
0.1904	2	-0.6821565217391303	2.9148252818147453	0.7355391194520104	-1.1461154671104912	0.8543071940094494	0.8543071940094494	1.7148744019880156	1.569014681511619
0.1908	2	-0.6877913043478259	2.924319743516069	0.7312697090897734	-1.1662469991487332	0.8532803062905308	0.8532803062905308	1.7180967035636763	1.5718622256129247
0.1912	2	-0.6934260869565219	2.933845955992439	0.7269742181922588	-1.1865046878320158	0.8522558842710619	0.8522558842710619	1.721332748791641	1.5747261269578425
0.19160000000000002	2	-0.6990608695652174	2.943403919243858	0.722652525519826	-1.2068890744458418	0.8512339190809635	0.8512339190809635	1.7245825318248553	1.5776064049889176
0.192	2	-0.7046956521739128	2.9529936332703217	0.718304509832827	-1.2274007011553945	0.8502144018926512	0.8502144018926512	1.7278460468468184	1.5805030792115087
0.19240000000000002	2	-0.7103304347826089	2.9626150980718338	0.7139300498916189	-1.2480401110055368	0.8491973239207808	0.8491973239207808	1.731123288071331	1.5834161691929378
0.1928	2	-0.7159652173913044	2.972268313648393	0.7095290244565586	-1.2688078479208014	0.8481826764219966	0.8481826764219966	1.7344142497423607	1.5863456945625587
0.1932	2	-0.7215999999999998	2.981953280000001	0.7051013122880004	-1.2897044567054081	0.84717045069468	0.84717045069468	1.7377189261338286	1.5892916750112578
0.19360000000000002	2	-0.7272347826086959	2.991669997126655	0.7006467921463001	-1.3107304830432458	0.8461606380787001	0.8461606380787001	1.7410373115494029	1.5922541302908677
0.194	2	-0.7328695652173913	3.0014184650283555	0.6961653427918139	-1.3318864734978828	0.8451532299551701	0.8451532299551701	1.7443694003223398	1.5952330802141348
0.19440000000000002	2	-0.7385043478260869	3.0111986837051052	0.6916568429848979	-1.3531729755125668	0.8441482177461977	0.8441482177461977	1.7477151868152998	1.5982285446542899
0.1948	2	-0.7441391304347823	3.0210106531569005	0.6871211714859076	-1.3745905374102183	0.8431455929146444	0.8431455929146444	1.7510746654201823	1.6012405435449413
0.1952	2	-0.7497739130434784	3.0308543733837436	0.6825582070551969	-1.3961397083934433	0.842145346963883	0.842145346963883	1.754447830557867	1.6042690968790172
0.1956	2	-0.7554086956521738	3.040729844385633	0.6779678284531236	-1.4178210385445138	0.8411474714375574	0.8411474714375574	1.757834676678158	1.6073142247095265
0.196	2	-0.7610434782608693	3.0506370661625715	0.673349914440043	-1.439635078825389	0.8401519579193455	0.8401519579193455	1.7612351982594703	1.6103759471480634
0.19640000000000002	2	-0.7666782608695654	3.0605760387145566	0.6687043437763105	-1.4615823810776996	0.8391587980327199	0.8391587980327199	1.7646493898087874	1.6134542843656465
0.1968	2	-0.7723130434782608	3.070546762041588	0.664030995222282	-1.4836634980227519	0.8381679834407163	0.8381679834407163	1.7680772458613598	1.616549256591302
0.19720000000000001	2	-0.7779478260869569	3.0805492361436677	0.6593297475383129	-1.5058789832615376	0.8371795058456968	0.8371795058456968	1.7715187609806167	1.6196608841125084
0.1976	2	-0.7835826086956518	3.0905834610207945	0.6546004794847606	-1.5282293912747154	0.8361933569891222	0.8361933569891222	1.7749739297579605	1.6227891872745537
0.198	2	-0.7892173913043479	3.1006494366729687	0.6498430698219781	-1.5507152774226303	0.8352095286513181	0.8352095286513181	1.7784427468126163	1.625934186480476
0.19840000000000002	2	-0.7948521739130439	3.1107471631001897	0.645057397310322	-1.5733371979453001	0.834228012651249	0.834228012651249	1.78192520679141	1.6290959021902298
0.1988	2	-0.8004869565217394	3.1208766403024577	0.6402433407101489	-1.5960957099624171	0.8332488008462908	0.8332488008462908	1.785421304368655	1.6322743549209282
0.19920000000000002	2	-0.8061217391304348	3.1310378682797735	0.6354007787818148	-1.618991371473355	0.8322718851320056	0.8322718851320056	1.7889310342459592	1.6354695652462738
0.1996	2	-0.8117565217391303	3.141230847032136	0.6305295902856743	-1.6420247413571638	0.8312972574419178	0.8312972574419178	1.7924543911520594	1.638681553796297
0.2	2	-0.8173913043478264	3.151455576559547	0.6256296539820829	-1.6651963793725728	0.8303249097472922	0.8303249097472922	1.795991369842627	1.6419103412567662