5.000000e+01 9.219544e+01
5.500000e+01 9.202581e+01
6.000000e+01 9.168560e+01
6.500000e+01 9.134413e+01
7.000000e+01 9.100137e+01
7.500000e+01 9.048481e+01
8.000000e+01 8.996527e+01
8.500000e+01 8.926786e+01
9.000000e+01 8.785642e+01
9.500000e+01 8.696264e+01
1.000000e+02 8.587782e+01
1.050000e+02 8.477912e+01
1.100000e+02 8.366600e+01
1.150000e+02 8.234835e+01
1.200000e+02 8.120191e+01
1.250000e+02 7.984360e+01
1.300000e+02 7.786206e+01
1.350000e+02 7.664855e+01
1.400000e+02 7.500000e+01
1.450000e+02 7.331439e+01
1.500000e+02 7.137051e+01
1.550000e+02 6.892024e+01
1.600000e+02 6.708204e+01
1.650000e+02 6.543126e+01
1.700000e+02 6.349213e+01
1.750000e+02 6.149187e+01
1.800000e+02 5.968668e+01
1.850000e+02 5.782517e+01
1.900000e+02 5.618051e+01
1.950000e+02 5.448624e+01
2.000000e+02 5.273756e+01
2.050000e+02 5.123475e+01
2.100000e+02 4.968652e+01
2.150000e+02 4.808846e+01
2.200000e+02 4.677072e+01
2.250000e+02 4.506939e+01
2.300000e+02 4.401704e+01
2.350000e+02 4.293891e+01
2.400000e+02 4.145781e+01
2.450000e+02 4.031129e+01
2.500000e+02 3.952847e+01
