0.000000e+00 0.000000e+00 0.000000e+00 
-1.000000e-01 5.932959e+01 2.649018e+02
-2.000000e-01 7.429670e+01 3.440827e+02
-3.000000e-01 8.197561e+01 3.872567e+02
-4.000000e-01 8.625543e+01 4.117119e+02
-5.000000e-01 8.899438e+01 4.263173e+02
-6.000000e-01 9.077445e+01 4.343286e+02
-7.000000e-01 9.165151e+01 4.363642e+02
-8.000000e-01 9.208692e+01 4.349084e+02
-9.000000e-01 9.252027e+01 4.327494e+02
-1.000000e+00 9.252027e+01 4.274518e+02
-1.100000e+00 9.252027e+01 4.218337e+02
-1.200000e+00 9.252027e+01 4.161622e+02
-1.300000e+00 9.208692e+01 4.063853e+02
-1.400000e+00 9.208692e+01 4.006437e+02
-1.500000e+00 9.208692e+01 3.987993e+02
-1.600000e+00 9.208692e+01 4.032954e+02
-1.700000e+00 9.252027e+01 4.124310e+02
-1.800000e+00 9.252027e+01 4.202204e+02
-1.900000e+00 9.252027e+01 4.298682e+02
-2.000000e+00 9.252027e+01 4.425473e+02
-2.100000e+00 9.295160e+01 4.443608e+02
-2.200000e+00 9.295160e+01 4.543914e+02
-2.300000e+00 9.295160e+01 4.674643e+02
-2.400000e+00 9.295160e+01 4.830248e+02
-2.500000e+00 9.295160e+01 4.971573e+02
-2.600000e+00 9.295160e+01 5.060543e+02
-2.700000e+00 9.295160e+01 5.083111e+02
-2.800000e+00 9.295160e+01 5.052870e+02
-2.900000e+00 9.295160e+01 4.998938e+02
-3.000000e+00 9.295160e+01 4.944132e+02
-3.100000e+00 9.295160e+01 4.898494e+02
-3.200000e+00 9.295160e+01 4.864048e+02
-3.300000e+00 9.295160e+01 4.839521e+02
-3.400000e+00 9.295160e+01 4.822752e+02
-3.500000e+00 9.295160e+01 4.811647e+02
-3.600000e+00 9.295160e+01 4.804489e+02
-3.700000e+00 9.295160e+01 4.799976e+02
-3.800000e+00 9.295160e+01 4.797184e+02
-3.900000e+00 9.295160e+01 4.795483e+02
-4.000000e+00 9.295160e+01 4.794456e+02
-4.100000e+00 9.295160e+01 4.793841e+02
-4.200000e+00 9.295160e+01 4.793473e+02
-4.300000e+00 9.295160e+01 4.793253e+02
-4.400000e+00 9.295160e+01 4.793123e+02
-4.500000e+00 9.295160e+01 4.793045e+02
-4.600000e+00 9.295160e+01 4.792998e+02
-4.700000e+00 9.295160e+01 4.792971e+02
-4.800000e+00 9.295160e+01 4.792954e+02
-4.900000e+00 9.295160e+01 4.792944e+02
-5.000000e+00 9.295160e+01 4.792938e+02
-5.100000e+00 9.295160e+01 4.792934e+02
-5.200000e+00 9.295160e+01 4.792932e+02
-5.300000e+00 9.295160e+01 4.792930e+02
-5.400000e+00 9.295160e+01 4.792930e+02
-5.500000e+00 9.295160e+01 4.792929e+02
-5.600000e+00 9.295160e+01 4.792929e+02
-5.700000e+00 9.295160e+01 4.792929e+02
-5.800000e+00 9.295160e+01 4.792928e+02
-5.900000e+00 9.295160e+01 4.792928e+02
-6.000000e+00 9.295160e+01 4.792928e+02
