0.000000 169.100006 167.300003 170.900009
10.000000 168.899994 164.899994 172.899994
20.000000 168.699997 164.599991 172.800003
30.000000 167.800003 163.800003 171.800003
40.000000 167.699997 164.500000 170.899994
50.000000 166.600006 163.500000 169.700012
60.000000 165.000000 161.399994 168.600006
70.000000 163.300003 159.400009 167.199997
80.000000 162.800003 159.000000 166.600006
90.000000 161.100006 157.500000 164.700012
100.000000 158.500000 154.399994 162.600006
110.000000 155.399994 150.599991 160.199997
120.000000 153.600006 150.300003 156.900009
130.000000 149.800003 146.100006 153.500000
140.000000 145.000000 140.899994 149.100006
145.000000 143.899994 140.500000 147.299988
150.000000 141.899994 138.399994 145.399994
155.000000 140.300003 136.600006 144.000000
160.000000 136.399994 133.000000 139.799988
165.000000 134.199997 130.099991 138.300003
170.000000 131.100006 127.400009 134.800003
175.000000 128.800003 125.600006 132.000000
180.000000 125.599998 122.400002 128.800003
185.000000 122.400002 118.700005 126.099998
190.000000 118.900002 115.300003 122.500000
195.000000 116.099998 112.099998 120.099998
200.000000 111.599998 108.099998 115.099998
205.000000 109.500000 105.199997 113.800003
210.000000 103.400002 99.700005 107.099998
215.000000 101.000000 96.000000 106.000000
220.000000 96.099998 90.699997 101.500000
225.000000 92.099998 88.299995 95.900002
230.000000 87.500000 83.500000 91.500000
235.000000 83.000000 79.599998 86.400002
240.000000 78.900002 74.900002 82.900002
245.000000 74.699997 67.699997 81.699997
250.000000 71.000000 64.500000 77.500000
255.000000 62.000000 55.000000 69.000000
260.000000 58.000000 51.000000 65.000000
265.000000 51.000000 44.000000 58.000000
270.000000 45.000000 38.000000 52.000000
