2.000000e+02 1.102000e+02
2.010000e+02 1.098000e+02
2.020000e+02 1.092000e+02
2.030000e+02 1.086000e+02
2.040000e+02 1.080000e+02
2.050000e+02 1.074000e+02
2.060000e+02 1.068000e+02
2.070000e+02 1.062000e+02
2.080000e+02 1.056000e+02
2.090000e+02 1.050000e+02
2.100000e+02 1.044000e+02
2.110000e+02 1.036000e+02
2.120000e+02 1.030000e+02
2.130000e+02 1.024000e+02
2.140000e+02 1.016000e+02
2.150000e+02 1.010000e+02
2.160000e+02 1.002000e+02
2.170000e+02 9.960000e+01
2.180000e+02 9.880000e+01
2.190000e+02 9.800000e+01
2.200000e+02 9.740000e+01
2.210000e+02 9.660000e+01
2.220000e+02 9.580000e+01
2.230000e+02 9.500000e+01
2.240000e+02 9.420000e+01
2.250000e+02 9.340000e+01
2.260000e+02 9.260000e+01
2.270000e+02 9.160000e+01
2.280000e+02 9.080000e+01
2.290000e+02 9.000000e+01
2.300000e+02 8.900000e+01
2.310000e+02 8.820000e+01
2.320000e+02 8.720000e+01
2.330000e+02 8.620000e+01
2.340000e+02 8.520000e+01
2.350000e+02 8.420000e+01
2.360000e+02 8.320000e+01
2.370000e+02 8.220000e+01
2.380000e+02 8.120000e+01
2.390000e+02 8.020000e+01
2.400000e+02 7.900000e+01
2.410000e+02 7.800000e+01
2.420000e+02 7.680000e+01
2.430000e+02 7.560000e+01
2.440000e+02 7.440000e+01
2.450000e+02 7.320000e+01
2.460000e+02 7.200000e+01
2.470000e+02 7.080000e+01
2.480000e+02 6.940000e+01
2.490000e+02 6.820000e+01
2.500000e+02 6.680000e+01
2.510000e+02 6.540000e+01
2.520000e+02 6.400000e+01
2.530000e+02 6.240000e+01
2.540000e+02 6.100000e+01
2.550000e+02 5.940000e+01
2.560000e+02 5.780000e+01
2.570000e+02 5.620000e+01
2.580000e+02 5.460000e+01
2.590000e+02 5.300000e+01
2.600000e+02 5.140000e+01
2.610000e+02 4.980000e+01
2.620000e+02 4.820000e+01
2.630000e+02 4.660000e+01
