0.000000e+00 0.000000e+00 -1.000314e-03
5.590170e+00 -1.082801e-07 -1.000365e-03
7.905694e+00 -1.048509e-07 -1.000207e-03
9.682458e+00 -1.495234e-07 -9.994868e-04
1.118034e+01 -5.740597e-07 -9.979044e-04
1.250000e+01 -1.790956e-06 -9.963128e-04
1.369306e+01 -4.735896e-06 -9.993907e-04
1.479020e+01 -8.458852e-06 -9.993732e-04
1.581139e+01 -1.235695e-05 -9.997053e-04
1.677051e+01 -1.599807e-05 -9.995966e-04
1.767767e+01 -1.891814e-05 -9.997651e-04
1.854050e+01 -2.205167e-05 -9.997886e-04
1.936492e+01 -2.526703e-05 -9.995485e-04
2.015564e+01 -2.839362e-05 -9.993063e-04
2.091650e+01 -3.131068e-05 -9.996004e-04
2.165064e+01 -3.402328e-05 -9.996944e-04
2.236068e+01 -3.712671e-05 -9.995589e-04
2.304886e+01 -4.007987e-05 -9.996993e-04
2.371708e+01 -4.291504e-05 -9.996333e-04
2.436699e+01 -4.627845e-05 -9.997849e-04
2.500000e+01 -4.905120e-05 -9.997663e-04
2.561738e+01 -5.152465e-05 -9.998719e-04
2.622022e+01 -5.422637e-05 -9.999255e-04
2.680951e+01 -5.718460e-05 -9.999912e-04
2.738613e+01 -5.977124e-05 -9.999218e-04
2.795085e+01 -6.254262e-05 -9.998801e-04
2.850439e+01 -6.534626e-05 -9.999256e-04
2.904738e+01 -6.807417e-05 -1.000049e-03
2.958040e+01 -7.066292e-05 -1.000062e-03
3.010399e+01 -7.347929e-05 -1.000009e-03
3.061862e+01 -7.611557e-05 -9.999817e-04
3.112475e+01 -7.878351e-05 -9.999192e-04
3.162278e+01 -8.144451e-05 -9.999958e-04
3.211308e+01 -8.407772e-05 -1.000126e-03
3.259601e+01 -8.684089e-05 -1.000065e-03
3.307189e+01 -8.936859e-05 -9.999753e-04
3.354102e+01 -9.196579e-05 -9.999283e-04
3.400368e+01 -9.460664e-05 -9.999680e-04
3.446012e+01 -9.722108e-05 -1.000116e-03
3.491060e+01 -9.978970e-05 -1.000001e-03
3.535534e+01 -1.024428e-04 -1.000057e-03
3.579455e+01 -1.049627e-04 -1.000033e-03
3.622844e+01 -1.076147e-04 -1.000010e-03
3.665720e+01 -1.102063e-04 -1.000078e-03
3.708099e+01 -1.126695e-04 -1.000065e-03
3.750000e+01 -1.152581e-04 -1.000026e-03
3.791438e+01 -1.178025e-04 -1.000053e-03
3.832427e+01 -1.203608e-04 -1.000029e-03
3.872983e+01 -1.229385e-04 -1.000040e-03
3.913119e+01 -1.254562e-04 -1.000062e-03
3.952847e+01 -1.279179e-04 -9.999836e-04
3.992180e+01 -1.304226e-04 -9.999485e-04
4.031129e+01 -1.329537e-04 -9.999800e-04
4.069705e+01 -1.354908e-04 -1.000073e-03
4.107919e+01 -1.380611e-04 -1.000041e-03
4.145781e+01 -1.405766e-04 -1.000041e-03
4.183300e+01 -1.430055e-04 -1.000025e-03
4.220486e+01 -1.455124e-04 -1.000003e-03
4.257347e+01 -1.480130e-04 -1.000049e-03
4.293891e+01 -1.504851e-04 -1.000068e-03
4.330127e+01 -1.529820e-04 -1.000050e-03
4.366062e+01 -1.555316e-04 -1.000030e-03
4.401704e+01 -1.579371e-04 -1.000016e-03
4.437060e+01 -1.604445e-04 -1.000017e-03
4.472136e+01 -1.629176e-04 -1.000024e-03
4.506939e+01 -1.653552e-04 -1.000056e-03
4.541476e+01 -1.678083e-04 -1.000062e-03
4.575751e+01 -1.702827e-04 -1.000024e-03
4.609772e+01 -1.727284e-04 -1.000033e-03
4.643544e+01 -1.751838e-04 -1.000044e-03
4.677072e+01 -1.776840e-04 -1.000024e-03
4.710361e+01 -1.801076e-04 -1.000005e-03
4.743416e+01 -1.825365e-04 -9.999974e-04
4.776243e+01 -1.849983e-04 -1.000021e-03
4.808846e+01 -1.874400e-04 -1.000051e-03
4.841229e+01 -1.898627e-04 -1.000056e-03
4.873397e+01 -1.923306e-04 -1.000044e-03
4.905354e+01 -1.947544e-04 -1.000035e-03
4.937104e+01 -1.971662e-04 -1.000030e-03
4.968652e+01 -1.996315e-04 -1.000036e-03
5.000000e+01 -2.020398e-04 -1.000062e-03
5.031153e+01 -2.044257e-04 -1.000027e-03
5.062114e+01 -2.069922e-04 -9.999693e-04
5.092887e+01 -2.092298e-04 -9.997988e-04
5.123475e+01 -2.111897e-04 -9.998773e-04
5.153882e+01 -2.137402e-04 -9.998678e-04
5.184110e+01 -2.164748e-04 -9.998261e-04
5.214163e+01 -2.189730e-04 -9.998361e-04
5.244044e+01 -2.213985e-04 -9.998888e-04
5.273756e+01 -2.237999e-04 -9.998727e-04
5.303301e+01 -2.262536e-04 -9.998483e-04
5.332682e+01 -2.286746e-04 -9.998990e-04
5.361903e+01 -2.310170e-04 -9.999002e-04
5.390965e+01 -2.334492e-04 -9.998770e-04
5.419871e+01 -2.358822e-04 -9.999324e-04
5.448624e+01 -2.382118e-04 -9.999165e-04
5.477226e+01 -2.406467e-04 -9.998933e-04
5.505679e+01 -2.430831e-04 -9.999208e-04
5.533986e+01 -2.454211e-04 -9.999371e-04
5.562149e+01 -2.478322e-04 -9.998960e-04
5.590170e+01 -2.502455e-04 -9.999217e-04
5.618051e+01 -2.526234e-04 -9.999121e-04
5.645795e+01 -2.550285e-04 -9.999201e-04
5.673403e+01 -2.573919e-04 -9.999304e-04
5.700877e+01 -2.598053e-04 -9.998955e-04
5.728220e+01 -2.622195e-04 -9.999276e-04
5.755432e+01 -2.645732e-04 -9.999287e-04
5.782517e+01 -2.669583e-04 -9.999373e-04
5.809475e+01 -2.693044e-04 -9.999109e-04
5.836309e+01 -2.717308e-04 -9.998864e-04
5.863020e+01 -2.741328e-04 -9.999129e-04
5.889609e+01 -2.764847e-04 -9.999141e-04
5.916080e+01 -2.788589e-04 -9.999042e-04
5.942432e+01 -2.812696e-04 -9.999067e-04
5.968668e+01 -2.836303e-04 -9.999049e-04
5.994789e+01 -2.860197e-04 -9.999100e-04
6.020797e+01 -2.883744e-04 -9.999233e-04
6.046693e+01 -2.907368e-04 -9.999001e-04
6.072479e+01 -2.931314e-04 -9.998801e-04
6.098155e+01 -2.955621e-04 -9.998903e-04
6.123724e+01 -2.979769e-04 -9.999887e-04
6.149187e+01 -3.000914e-04 -1.000209e-03
6.174545e+01 -3.026182e-04 -1.000061e-03
6.199798e+01 -3.050060e-04 -1.000277e-03
6.224950e+01 -3.073056e-04 -1.000025e-03
6.250000e+01 -3.098455e-04 -9.999222e-04
6.274950e+01 -3.116444e-04 -1.000282e-03
6.299802e+01 -3.143983e-04 -9.999668e-04
6.324555e+01 -3.169246e-04 -1.000003e-03
6.349213e+01 -3.189529e-04 -1.000069e-03
6.373774e+01 -3.215178e-04 -9.999756e-04
6.398242e+01 -3.240116e-04 -9.998893e-04
6.422616e+01 -3.259666e-04 -1.000284e-03
6.446898e+01 -3.285949e-04 -9.998806e-04
6.471090e+01 -3.310753e-04 -9.998907e-04
6.495191e+01 -3.333156e-04 -1.000090e-03
6.519202e+01 -3.357022e-04 -9.999394e-04
6.543126e+01 -3.380360e-04 -1.000065e-03
6.566963e+01 -3.403837e-04 -9.999043e-04
6.590713e+01 -3.428603e-04 -9.998721e-04
6.614378e+01 -3.448469e-04 -1.000127e-03
6.637959e+01 -3.474375e-04 -9.998680e-04
6.661456e+01 -3.498256e-04 -9.998745e-04
6.684871e+01 -3.522906e-04 -9.998970e-04
6.708204e+01 -3.544039e-04 -9.999302e-04
6.731456e+01 -3.568386e-04 -9.998281e-04
6.754628e+01 -3.592410e-04 -9.998292e-04
6.777721e+01 -3.615723e-04 -9.998965e-04
6.800735e+01 -3.639388e-04 -9.998505e-04
6.823672e+01 -3.662761e-04 -9.999550e-04
6.846532e+01 -3.685479e-04 -9.998269e-04
6.869316e+01 -3.709645e-04 -9.998134e-04
6.892024e+01 -3.733245e-04 -9.998280e-04
6.914658e+01 -3.756527e-04 -9.998290e-04
6.937218e+01 -3.779877e-04 -9.998357e-04
6.959705e+01 -3.803227e-04 -9.998240e-04
6.982120e+01 -3.826636e-04 -9.998218e-04
7.004463e+01 -3.850145e-04 -9.998289e-04
7.026735e+01 -3.873584e-04 -9.998176e-04
7.048936e+01 -3.897283e-04 -9.998576e-04
7.071068e+01 -3.919773e-04 -9.998272e-04
7.093130e+01 -3.943621e-04 -9.997907e-04
7.115125e+01 -3.967017e-04 -9.997970e-04
7.137051e+01 -3.990627e-04 -9.997973e-04
7.158911e+01 -4.013119e-04 -9.998271e-04
7.180703e+01 -4.036698e-04 -9.997821e-04
7.202430e+01 -4.060128e-04 -9.998114e-04
7.224092e+01 -4.083325e-04 -9.997946e-04
7.245688e+01 -4.106707e-04 -9.997935e-04
7.267221e+01 -4.130043e-04 -9.998085e-04
7.288690e+01 -4.153581e-04 -9.998052e-04
7.310096e+01 -4.176913e-04 -9.998150e-04
7.331439e+01 -4.199981e-04 -9.998278e-04
7.352721e+01 -4.222913e-04 -9.998051e-04
7.373941e+01 -4.246735e-04 -9.997531e-04
7.395100e+01 -4.269868e-04 -9.998400e-04
7.416198e+01 -4.292592e-04 -9.997605e-04
7.437237e+01 -4.315807e-04 -9.997389e-04
7.458217e+01 -4.339205e-04 -9.997638e-04
7.479138e+01 -4.362119e-04 -9.997770e-04
7.500000e+01 -4.384984e-04 -9.997776e-04
7.520804e+01 -4.408204e-04 -9.997767e-04
7.541552e+01 -4.431639e-04 -9.998010e-04
7.562242e+01 -4.454313e-04 -9.997922e-04
7.582875e+01 -4.477335e-04 -9.998004e-04
7.603453e+01 -4.500453e-04 -9.998152e-04
7.623975e+01 -4.523735e-04 -9.998140e-04
7.644442e+01 -4.546869e-04 -9.997868e-04
7.664855e+01 -4.570117e-04 -9.997850e-04
7.685213e+01 -4.593071e-04 -9.998269e-04
7.705518e+01 -4.616119e-04 -9.998414e-04
7.725769e+01 -4.638646e-04 -9.998023e-04
7.745967e+01 -4.661944e-04 -9.997736e-04
7.766112e+01 -4.685053e-04 -9.998023e-04
7.786206e+01 -4.708123e-04 -9.998087e-04
7.806247e+01 -4.730860e-04 -9.998256e-04
7.826238e+01 -4.754128e-04 -9.997934e-04
7.846177e+01 -4.776845e-04 -9.998156e-04
7.866066e+01 -4.799603e-04 -9.998205e-04
7.885905e+01 -4.822751e-04 -9.998257e-04
7.905694e+01 -4.845661e-04 -9.998735e-04
7.925434e+01 -4.867641e-04 -9.998437e-04
7.945124e+01 -4.890340e-04 -9.998140e-04
7.964766e+01 -4.913156e-04 -9.998026e-04
7.984360e+01 -4.936746e-04 -9.998304e-04
8.003905e+01 -4.958174e-04 -9.997907e-04
8.023403e+01 -4.981395e-04 -9.997688e-04
8.042854e+01 -5.003944e-04 -9.998173e-04
8.062258e+01 -5.026653e-04 -9.998217e-04
8.081615e+01 -5.048520e-04 -9.997545e-04
8.100926e+01 -5.069407e-04 -9.995300e-04
8.120191e+01 -5.090952e-04 -9.995522e-04
8.139410e+01 -5.115439e-04 -9.995377e-04
8.158584e+01 -5.138242e-04 -9.995646e-04
8.177714e+01 -5.165627e-04 -9.990541e-04
8.196798e+01 -5.181638e-04 -9.994678e-04
8.215838e+01 -5.206186e-04 -9.993411e-04
8.234835e+01 -5.223329e-04 -9.990054e-04
8.253787e+01 -5.246638e-04 -9.994493e-04
8.272696e+01 -5.271008e-04 -9.995670e-04
8.291562e+01 -5.296236e-04 -9.991354e-04
8.310385e+01 -5.314533e-04 -9.995267e-04
8.329166e+01 -5.341077e-04 -9.982718e-04
8.347904e+01 -5.336800e-04 -9.990735e-04
8.366600e+01 -5.375679e-04 -9.993185e-04
8.385255e+01 -5.400529e-04 -9.995105e-04
8.403868e+01 -5.421227e-04 -9.993592e-04
8.422440e+01 -5.462956e-04 -9.983668e-04
8.440972e+01 -5.478739e-04 -9.985931e-04
8.459462e+01 -5.486250e-04 -9.978796e-04
8.477912e+01 -5.503767e-04 -9.983061e-04
8.496323e+01 -5.538519e-04 -9.973508e-04
8.514693e+01 -5.528803e-04 -9.977181e-04
8.533024e+01 -5.563991e-04 -9.986778e-04
8.551316e+01 -5.593747e-04 -9.980713e-04
8.569568e+01 -5.598450e-04 -9.972177e-04
8.587782e+01 -5.621430e-04 -9.983726e-04
8.605957e+01 -5.646607e-04 -9.982381e-04
8.624094e+01 -5.658356e-04 -9.972842e-04
8.642193e+01 -5.672510e-04 -9.987238e-04
8.660254e+01 -5.696025e-04 -9.994394e-04
8.678277e+01 -5.722443e-04 -9.986867e-04
8.696264e+01 -5.727416e-04 -9.973914e-04
8.714213e+01 -5.748782e-04 -9.985997e-04
8.732125e+01 -5.771517e-04 -9.981309e-04
8.750000e+01 -5.789109e-04 -9.981951e-04
8.767839e+01 -5.816919e-04 -9.960758e-04
8.785642e+01 -5.807433e-04 -9.983998e-04
8.803408e+01 -5.828633e-04 -9.992901e-04
8.821139e+01 -5.844619e-04 -9.990475e-04
8.838835e+01 -5.857446e-04 -9.995342e-04
8.856495e+01 -5.872658e-04 -9.996902e-04
8.874120e+01 -5.885550e-04 -9.999243e-04
8.891710e+01 -5.899178e-04 -1.000124e-03
8.909265e+01 -5.908792e-04 -1.000024e-03
8.926786e+01 -5.922385e-04 -9.999838e-04
8.944272e+01 -5.935956e-04 -1.000043e-03
8.961724e+01 -5.947950e-04 -1.000121e-03
8.979142e+01 -5.958816e-04 -9.999829e-04
8.996527e+01 -5.978698e-04 -9.989276e-04
9.013878e+01 -5.978379e-04 -9.999393e-04
9.031196e+01 -5.989958e-04 -9.998510e-04
9.048481e+01 -5.998680e-04 -1.000112e-03
9.065732e+01 -6.006742e-04 -9.998323e-04
9.082951e+01 -6.012611e-04 -9.999464e-04
9.100137e+01 -6.019276e-04 -9.999315e-04
9.117291e+01 -6.024949e-04 -9.999155e-04
9.134413e+01 -6.029960e-04 -9.999107e-04
9.151503e+01 -6.034343e-04 -9.999084e-04
9.168560e+01 -6.038008e-04 -9.998976e-04
9.185587e+01 -6.040886e-04 -9.999043e-04
9.202581e+01 -6.043064e-04 -9.999009e-04
9.219544e+01 -6.044456e-04 -9.999414e-04
9.236477e+01 -6.045528e-04 -9.999733e-04
9.253378e+01 -6.046081e-04 -9.999978e-04
9.270248e+01 -6.045863e-04 -1.000000e-03
9.287088e+01 -6.044823e-04 -1.000000e-03
9.303897e+01 -6.043021e-04 -1.000000e-03
9.320676e+01 -6.040465e-04 -1.000000e-03
9.337425e+01 -6.037154e-04 -1.000000e-03
9.354143e+01 -6.033085e-04 -1.000000e-03
9.370832e+01 -6.028256e-04 -1.000000e-03
9.387492e+01 -6.022661e-04 -1.000000e-03
9.404121e+01 -6.016297e-04 -1.000000e-03
9.420722e+01 -6.009159e-04 -1.000000e-03
9.437293e+01 -6.001243e-04 -1.000000e-03
9.453835e+01 -5.992544e-04 -1.000000e-03
9.470348e+01 -5.983058e-04 -1.000000e-03
9.486833e+01 -5.972782e-04 -1.000000e-03
9.503289e+01 -5.961711e-04 -1.000000e-03
9.519716e+01 -5.949841e-04 -1.000000e-03
9.536116e+01 -5.937168e-04 -1.000000e-03
9.552487e+01 -5.923690e-04 -1.000000e-03
9.568830e+01 -5.909401e-04 -1.000000e-03
9.585145e+01 -5.894300e-04 -1.000000e-03
9.601432e+01 -5.878382e-04 -1.000000e-03
9.617692e+01 -5.861644e-04 -1.000000e-03
9.633924e+01 -5.844083e-04 -1.000000e-03
9.650130e+01 -5.825697e-04 -1.000000e-03
9.666307e+01 -5.806481e-04 -1.000000e-03
9.682458e+01 -5.786434e-04 -1.000000e-03
9.698582e+01 -5.765553e-04 -1.000000e-03
9.714680e+01 -5.743834e-04 -1.000000e-03
9.730750e+01 -5.721275e-04 -1.000000e-03
9.746794e+01 -5.697874e-04 -1.000000e-03
9.762812e+01 -5.673628e-04 -1.000000e-03
9.778804e+01 -5.648535e-04 -1.000000e-03
9.794769e+01 -5.622592e-04 -1.000000e-03
9.810708e+01 -5.595797e-04 -1.000000e-03
9.826622e+01 -5.568149e-04 -1.000000e-03
9.842510e+01 -5.539644e-04 -1.000000e-03
9.858372e+01 -5.510281e-04 -1.000000e-03
9.874209e+01 -5.480058e-04 -1.000000e-03
9.890020e+01 -5.448972e-04 -1.000000e-03
9.905806e+01 -5.417023e-04 -1.000000e-03
9.921567e+01 -5.384207e-04 -1.000000e-03
9.937303e+01 -5.350524e-04 -1.000000e-03
9.953015e+01 -5.315971e-04 -1.000000e-03
9.968701e+01 -5.280547e-04 -1.000000e-03
9.984363e+01 -5.244250e-04 -1.000000e-03
1.000000e+02 -5.207078e-04 -1.000000e-03
1.001561e+02 -5.169030e-04 -1.000000e-03
1.003120e+02 -5.130104e-04 -1.000000e-03
1.004677e+02 -5.090299e-04 -1.000000e-03
1.006231e+02 -5.049614e-04 -1.000000e-03
1.007782e+02 -5.008045e-04 -1.000000e-03
1.009331e+02 -4.965594e-04 -1.000000e-03
1.010878e+02 -4.922257e-04 -1.000000e-03
1.012423e+02 -4.878034e-04 -1.000000e-03
1.013965e+02 -4.832923e-04 -1.000000e-03
1.015505e+02 -4.786922e-04 -1.000000e-03
1.017042e+02 -4.740032e-04 -1.000000e-03
1.018577e+02 -4.692250e-04 -1.000000e-03
1.020110e+02 -4.643575e-04 -1.000000e-03
1.021641e+02 -4.594005e-04 -1.000000e-03
1.023169e+02 -4.543541e-04 -1.000000e-03
1.024695e+02 -4.492180e-04 -1.000000e-03
1.026219e+02 -4.439921e-04 -1.000000e-03
1.027740e+02 -4.386764e-04 -1.000000e-03
1.029259e+02 -4.332706e-04 -1.000000e-03
1.030776e+02 -4.277748e-04 -1.000000e-03
1.032291e+02 -4.221888e-04 -1.000000e-03
1.033804e+02 -4.165124e-04 -1.000000e-03
1.035314e+02 -4.107456e-04 -1.000000e-03
1.036822e+02 -4.048882e-04 -1.000000e-03
1.038328e+02 -3.989403e-04 -1.000000e-03
1.039832e+02 -3.929016e-04 -1.000000e-03
1.041333e+02 -3.867720e-04 -1.000000e-03
1.042833e+02 -3.805515e-04 -1.000000e-03
1.044330e+02 -3.742399e-04 -1.000000e-03
1.045825e+02 -3.678372e-04 -1.000000e-03
1.047318e+02 -3.613433e-04 -1.000000e-03
1.048809e+02 -3.547580e-04 -1.000000e-03
1.050298e+02 -3.480812e-04 -1.000000e-03
1.051784e+02 -3.413129e-04 -1.000000e-03
1.053269e+02 -3.344529e-04 -1.000000e-03
1.054751e+02 -3.275012e-04 -1.000000e-03
1.056232e+02 -3.204577e-04 -1.000000e-03
1.057710e+02 -3.133222e-04 -1.000000e-03
1.059186e+02 -3.060947e-04 -1.000000e-03
1.060660e+02 -2.987751e-04 -1.000000e-03
1.062132e+02 -2.913632e-04 -1.000000e-03
1.063602e+02 -2.838590e-04 -1.000000e-03
1.065070e+02 -2.762623e-04 -1.000000e-03
1.066536e+02 -2.685731e-04 -1.000000e-03
1.068000e+02 -2.607913e-04 -1.000000e-03
1.069462e+02 -2.529168e-04 -1.000000e-03
1.070922e+02 -2.449494e-04 -1.000000e-03
1.072381e+02 -2.368891e-04 -1.000000e-03
1.073837e+02 -2.287358e-04 -1.000000e-03
1.075291e+02 -2.204893e-04 -1.000000e-03
1.076743e+02 -2.121496e-04 -1.000000e-03
1.078193e+02 -2.037165e-04 -1.000000e-03
1.079641e+02 -1.951900e-04 -1.000000e-03
1.081087e+02 -1.865699e-04 -1.000000e-03
1.082532e+02 -1.778562e-04 -1.000000e-03
1.083974e+02 -1.690486e-04 -1.000000e-03
1.085415e+02 -1.601473e-04 -1.000000e-03
1.086853e+02 -1.511519e-04 -1.000000e-03
1.088290e+02 -1.420624e-04 -1.000000e-03
1.089725e+02 -1.328787e-04 -1.000000e-03
1.091158e+02 -1.236006e-04 -1.000000e-03
1.092589e+02 -1.142281e-04 -1.000000e-03
1.094018e+02 -1.047611e-04 -1.000000e-03
1.095445e+02 -9.519930e-05 -1.000000e-03
1.096871e+02 -8.554273e-05 -1.000000e-03
1.098294e+02 -7.579123e-05 -1.000000e-03
1.099716e+02 -6.594468e-05 -1.000000e-03
1.101136e+02 -5.600293e-05 -1.000000e-03
1.102554e+02 -4.596587e-05 -1.000000e-03
1.103970e+02 -3.583337e-05 -1.000000e-03
1.105385e+02 -2.560528e-05 -1.000000e-03
1.106797e+02 -1.528148e-05 -1.000000e-03
1.108208e+02 -4.861835e-06 -1.000000e-03
1.109617e+02 5.653806e-06 -1.000000e-03
1.111024e+02 1.626558e-05 -1.000000e-03
1.112430e+02 2.697363e-05 -1.000000e-03
1.113833e+02 3.777811e-05 -1.000000e-03
1.115235e+02 4.867916e-05 -1.000000e-03
1.116636e+02 5.967694e-05 -1.000000e-03
1.118034e+02 7.077160e-05 -1.000000e-03
1.119431e+02 8.196329e-05 -1.000000e-03
1.120826e+02 9.325219e-05 -1.000000e-03
1.122219e+02 1.046384e-04 -1.000000e-03
1.123610e+02 1.161222e-04 -1.000000e-03
1.125000e+02 1.277037e-04 -1.000000e-03
1.126388e+02 1.393831e-04 -1.000000e-03
1.127774e+02 1.511605e-04 -1.000000e-03
1.129159e+02 1.630361e-04 -1.000000e-03
1.130542e+02 1.750101e-04 -1.000000e-03
1.131923e+02 1.870827e-04 -1.000000e-03
1.133303e+02 1.992541e-04 -1.000000e-03
1.134681e+02 2.115245e-04 -1.000000e-03
1.136057e+02 2.238940e-04 -1.000000e-03
1.137431e+02 2.363629e-04 -1.000000e-03
1.138804e+02 2.489314e-04 -1.000000e-03
1.140175e+02 2.615997e-04 -1.000000e-03
1.141545e+02 2.743679e-04 -1.000000e-03
1.142913e+02 2.872364e-04 -1.000000e-03
1.144279e+02 3.002053e-04 -1.000000e-03
1.145644e+02 3.132748e-04 -1.000000e-03
1.147007e+02 3.264452e-04 -1.000000e-03
1.148368e+02 3.397167e-04 -1.000000e-03
1.149728e+02 3.530895e-04 -1.000000e-03
1.151086e+02 3.665639e-04 -1.000000e-03
1.152443e+02 3.801402e-04 -1.000000e-03
1.153798e+02 3.938185e-04 -1.000000e-03
1.155152e+02 4.075992e-04 -1.000000e-03
1.156503e+02 4.214825e-04 -1.000000e-03
1.157854e+02 4.354686e-04 -1.000000e-03
1.159202e+02 4.495579e-04 -1.000000e-03
1.160549e+02 4.637505e-04 -1.000000e-03
1.161895e+02 4.780469e-04 -1.000000e-03
1.163239e+02 4.924472e-04 -1.000000e-03
1.164581e+02 5.069518e-04 -1.000000e-03
1.165922e+02 5.215609e-04 -1.000000e-03
1.167262e+02 5.362749e-04 -1.000000e-03
1.168600e+02 5.510941e-04 -1.000000e-03
1.169936e+02 5.660187e-04 -1.000000e-03
1.171271e+02 5.810492e-04 -1.000000e-03
1.172604e+02 5.961858e-04 -1.000000e-03
1.173936e+02 6.114288e-04 -1.000000e-03
1.175266e+02 6.267786e-04 -1.000000e-03
1.176595e+02 6.422356e-04 -1.000000e-03
1.177922e+02 6.578001e-04 -1.000000e-03
1.179248e+02 6.734724e-04 -1.000000e-03
1.180572e+02 6.892529e-04 -1.000000e-03
1.181895e+02 7.051421e-04 -1.000000e-03
1.183216e+02 7.211402e-04 -1.000000e-03
1.184536e+02 7.372476e-04 -1.000000e-03
1.185854e+02 7.534648e-04 -1.000000e-03
1.187171e+02 7.697921e-04 -1.000000e-03
1.188486e+02 7.862300e-04 -1.000000e-03
1.189800e+02 8.027789e-04 -1.000000e-03
1.191113e+02 8.194391e-04 -1.000000e-03
1.192424e+02 8.362112e-04 -1.000000e-03
1.193734e+02 8.530956e-04 -1.000000e-03
1.195042e+02 8.700926e-04 -1.000000e-03
1.196349e+02 8.872028e-04 -1.000000e-03
1.197654e+02 9.044267e-04 -1.000000e-03
1.198958e+02 9.217647e-04 -1.000000e-03
1.200260e+02 9.392172e-04 -1.000000e-03
1.201561e+02 9.567848e-04 -1.000000e-03
1.202861e+02 9.744681e-04 -1.000000e-03
1.204159e+02 9.922674e-04 -1.000000e-03
1.205456e+02 1.010183e-03 -1.000000e-03
1.206752e+02 1.028216e-03 -1.000000e-03
1.208046e+02 1.046367e-03 -1.000000e-03
1.209339e+02 1.064636e-03 -1.000000e-03
1.210630e+02 1.083024e-03 -1.000000e-03
1.211920e+02 1.101531e-03 -1.000000e-03
1.213209e+02 1.120158e-03 -1.000000e-03
1.214496e+02 1.138906e-03 -1.000000e-03
1.215782e+02 1.157774e-03 -1.000000e-03
1.217066e+02 1.176765e-03 -1.000000e-03
1.218349e+02 1.195878e-03 -1.000000e-03
1.219631e+02 1.215113e-03 -1.000000e-03
1.220912e+02 1.234473e-03 -1.000000e-03
1.222191e+02 1.253957e-03 -1.000000e-03
1.223468e+02 1.273566e-03 -1.000000e-03
1.224745e+02 1.293300e-03 -1.000000e-03
1.226020e+02 1.313161e-03 -1.000000e-03
1.227294e+02 1.333149e-03 -1.000000e-03
1.228566e+02 1.353265e-03 -1.000000e-03
1.229837e+02 1.373509e-03 -1.000000e-03
1.231107e+02 1.393882e-03 -1.000000e-03
1.232376e+02 1.414386e-03 -1.000000e-03
1.233643e+02 1.435021e-03 -1.000000e-03
1.234909e+02 1.455787e-03 -1.000000e-03
1.236174e+02 1.476685e-03 -1.000000e-03
1.237437e+02 1.497717e-03 -1.000000e-03
1.238699e+02 1.518883e-03 -1.000000e-03
1.239960e+02 1.540184e-03 -1.000000e-03
1.241219e+02 1.561621e-03 -1.000000e-03
1.242477e+02 1.583195e-03 -1.000000e-03
1.243734e+02 1.604906e-03 -1.000000e-03
1.244990e+02 1.626756e-03 -1.000000e-03
1.246244e+02 1.648745e-03 -1.000000e-03
1.247497e+02 1.670874e-03 -1.000000e-03
1.248749e+02 1.693146e-03 -1.000000e-03
1.250000e+02 1.715559e-03 -1.000000e-03
1.251249e+02 1.738116e-03 -1.000000e-03
1.252498e+02 1.760817e-03 -1.000000e-03
1.253744e+02 1.783664e-03 -1.000000e-03
1.254990e+02 1.806658e-03 -1.000000e-03
1.256234e+02 1.829799e-03 -1.000000e-03
1.257478e+02 1.853089e-03 -1.000000e-03
1.258720e+02 1.876528e-03 -1.000000e-03
1.259960e+02 1.900119e-03 -1.000000e-03
1.261200e+02 1.923862e-03 -1.000000e-03
1.262438e+02 1.947759e-03 -1.000000e-03
1.263675e+02 1.971810e-03 -1.000000e-03
