0.000000e+00 0.000000e+00
6.250000e-01 -1.200595e-04
1.250000e+00 -4.802055e-04
1.875000e+00 -1.080340e-03
2.500000e+00 -1.920302e-03
3.125000e+00 -2.999862e-03
3.750000e+00 -4.318728e-03
4.375000e+00 -5.876542e-03
5.000000e+00 -7.672882e-03
5.625000e+00 -9.707260e-03
6.250000e+00 -1.197912e-02
6.875000e+00 -1.448785e-02
7.500000e+00 -1.723277e-02
8.125000e+00 -2.021312e-02
8.750000e+00 -2.342810e-02
9.375000e+00 -2.687682e-02
1.000000e+01 -3.055834e-02
1.062500e+01 -3.447166e-02
1.125000e+01 -3.861570e-02
1.187500e+01 -4.298933e-02
1.250000e+01 -4.759133e-02
1.312500e+01 -5.242045e-02
1.375000e+01 -5.747534e-02
1.437500e+01 -6.275462e-02
1.500000e+01 -6.825682e-02
1.562500e+01 -7.398040e-02
1.625000e+01 -7.992378e-02
1.687500e+01 -8.608530e-02
1.750000e+01 -9.246323e-02
1.812500e+01 -9.905579e-02
1.875000e+01 -1.058611e-01
1.937500e+01 -1.128773e-01
2.000000e+01 -1.201024e-01
2.062500e+01 -1.275342e-01
2.125000e+01 -1.351708e-01
2.187500e+01 -1.430100e-01
2.250000e+01 -1.510494e-01
2.312500e+01 -1.592867e-01
2.375000e+01 -1.677197e-01
2.437500e+01 -1.763459e-01
2.500000e+01 -1.851627e-01
2.562500e+01 -1.941676e-01
2.625000e+01 -2.033580e-01
2.687500e+01 -2.127311e-01
2.750000e+01 -2.222842e-01
2.812500e+01 -2.320145e-01
2.875000e+01 -2.419190e-01
2.937500e+01 -2.519949e-01
3.000000e+01 -2.622391e-01
3.062500e+01 -2.726485e-01
3.125000e+01 -2.832199e-01
3.187500e+01 -2.939501e-01
3.250000e+01 -3.048359e-01
3.312500e+01 -3.158739e-01
3.375000e+01 -3.270606e-01
3.437500e+01 -3.383927e-01
3.500000e+01 -3.498665e-01
3.562500e+01 -3.614785e-01
3.625000e+01 -3.732249e-01
3.687500e+01 -3.851021e-01
3.750000e+01 -3.971062e-01
3.812500e+01 -4.092333e-01
3.875000e+01 -4.214796e-01
3.937500e+01 -4.338410e-01
4.000000e+01 -4.463135e-01
4.062500e+01 -4.588929e-01
4.125000e+01 -4.715751e-01
4.187500e+01 -4.843557e-01
4.250000e+01 -4.972304e-01
4.312500e+01 -5.101950e-01
4.375000e+01 -5.232448e-01
4.437500e+01 -5.363754e-01
4.500000e+01 -5.495823e-01
4.562500e+01 -5.628607e-01
4.625000e+01 -5.762059e-01
4.687500e+01 -5.896132e-01
4.750000e+01 -6.030777e-01
4.812500e+01 -6.165945e-01
4.875000e+01 -6.301586e-01
4.937500e+01 -6.437650e-01
5.000000e+01 -6.574086e-01
5.062500e+01 -6.710843e-01
5.125000e+01 -6.847867e-01
5.187500e+01 -6.985105e-01
5.250000e+01 -7.122505e-01
5.312500e+01 -7.260012e-01
5.375000e+01 -7.397571e-01
5.437500e+01 -7.535125e-01
5.500000e+01 -7.672620e-01
5.562500e+01 -7.809998e-01
5.625000e+01 -7.947202e-01
5.687500e+01 -8.084173e-01
5.750000e+01 -8.220852e-01
5.812500e+01 -8.357181e-01
5.875000e+01 -8.493098e-01
5.937500e+01 -8.628543e-01
6.000000e+01 -8.763455e-01
6.062500e+01 -8.897771e-01
6.125000e+01 -9.031429e-01
6.187500e+01 -9.164366e-01
6.250000e+01 -9.296517e-01
6.312500e+01 -9.427817e-01
6.375000e+01 -9.558201e-01
6.437500e+01 -9.687604e-01
6.500000e+01 -9.815958e-01
6.562500e+01 -9.943196e-01
6.625000e+01 -1.006925e+00
6.687500e+01 -1.019405e+00
6.750000e+01 -1.031753e+00
6.812500e+01 -1.043962e+00
6.875000e+01 -1.056025e+00
6.937500e+01 -1.067934e+00
7.000000e+01 -1.079683e+00
7.062500e+01 -1.091264e+00
7.125000e+01 -1.102670e+00
7.187500e+01 -1.113894e+00
7.250000e+01 -1.124927e+00
7.312500e+01 -1.135764e+00
7.375000e+01 -1.146395e+00
7.437500e+01 -1.156813e+00
7.500000e+01 -1.167012e+00
7.562500e+01 -1.176982e+00
7.625000e+01 -1.186716e+00
7.687500e+01 -1.196206e+00
7.750000e+01 -1.205445e+00
7.812500e+01 -1.214423e+00
7.875000e+01 -1.223134e+00
7.937500e+01 -1.231568e+00
8.000000e+01 -1.239719e+00
8.062500e+01 -1.247576e+00
8.125000e+01 -1.255133e+00
8.187500e+01 -1.262380e+00
8.250000e+01 -1.269309e+00
8.312500e+01 -1.275912e+00
8.375000e+01 -1.282180e+00
8.437500e+01 -1.288104e+00
8.500000e+01 -1.293675e+00
8.562500e+01 -1.298886e+00
8.625000e+01 -1.303726e+00
8.687500e+01 -1.308187e+00
8.750000e+01 -1.312259e+00
8.812500e+01 -1.315935e+00
8.875000e+01 -1.319204e+00
8.937500e+01 -1.322058e+00
9.000000e+01 -1.324487e+00
9.062500e+01 -1.326481e+00
9.125000e+01 -1.328033e+00
9.187500e+01 -1.329131e+00
9.250000e+01 -1.329767e+00
9.312500e+01 -1.329930e+00
9.375000e+01 -1.329612e+00
9.437500e+01 -1.328802e+00
9.500000e+01 -1.327491e+00
9.562500e+01 -1.325669e+00
9.625000e+01 -1.323326e+00
9.687500e+01 -1.320452e+00
9.750000e+01 -1.317036e+00
9.812500e+01 -1.313070e+00
9.875000e+01 -1.308542e+00
9.937500e+01 -1.303442e+00
1.000000e+02 -1.297761e+00
1.006250e+02 -1.291487e+00
1.012500e+02 -1.284611e+00
1.018750e+02 -1.277121e+00
1.025000e+02 -1.269007e+00
1.031250e+02 -1.260259e+00
1.037500e+02 -1.250866e+00
1.043750e+02 -1.240817e+00
1.050000e+02 -1.230101e+00
1.056250e+02 -1.218708e+00
1.062500e+02 -1.206626e+00
1.068750e+02 -1.193844e+00
1.075000e+02 -1.180352e+00
1.081250e+02 -1.166138e+00
1.087500e+02 -1.151191e+00
1.093750e+02 -1.135499e+00
1.100000e+02 -1.119052e+00
1.106250e+02 -1.101837e+00
1.112500e+02 -1.083844e+00
1.118750e+02 -1.065061e+00
1.125000e+02 -1.045476e+00
1.131250e+02 -1.025078e+00
1.137500e+02 -1.003855e+00
1.143750e+02 -9.817945e-01
1.150000e+02 -9.588853e-01
1.156250e+02 -9.351154e-01
1.162500e+02 -9.104727e-01
1.168750e+02 -8.849452e-01
1.175000e+02 -8.585208e-01
1.181250e+02 -8.311872e-01
1.187500e+02 -8.029322e-01
1.193750e+02 -7.737434e-01
1.200000e+02 -7.436086e-01
1.206250e+02 -7.125152e-01
1.212500e+02 -6.804507e-01
1.218750e+02 -6.474025e-01
1.225000e+02 -6.133580e-01
1.231250e+02 -5.783045e-01
1.237500e+02 -5.422292e-01
1.243750e+02 -5.051192e-01
