0.000000e+00 0.000000e+00
6.250000e-01 -3.442693e-05
1.250000e+00 -1.381095e-04
1.875000e+00 -3.120517e-04
2.500000e+00 -5.576729e-04
3.125000e+00 -8.767147e-04
3.750000e+00 -1.271178e-03
4.375000e+00 -1.743274e-03
5.000000e+00 -2.295385e-03
5.625000e+00 -2.930036e-03
6.250000e+00 -3.649860e-03
6.875000e+00 -4.457580e-03
7.500000e+00 -5.355984e-03
8.125000e+00 -6.347907e-03
8.750000e+00 -7.436217e-03
9.375000e+00 -8.623793e-03
1.000000e+01 -9.913518e-03
1.062500e+01 -1.130826e-02
1.125000e+01 -1.281087e-02
1.187500e+01 -1.442416e-02
1.250000e+01 -1.615090e-02
1.312500e+01 -1.799380e-02
1.375000e+01 -1.995552e-02
1.437500e+01 -2.203865e-02
1.500000e+01 -2.424570e-02
1.562500e+01 -2.657910e-02
1.625000e+01 -2.904119e-02
1.687500e+01 -3.163422e-02
1.750000e+01 -3.436034e-02
1.812500e+01 -3.722161e-02
1.875000e+01 -4.021996e-02
1.937500e+01 -4.335722e-02
2.000000e+01 -4.663511e-02
2.062500e+01 -5.005523e-02
2.125000e+01 -5.361906e-02
2.187500e+01 -5.732796e-02
2.250000e+01 -6.118315e-02
2.312500e+01 -6.518575e-02
2.375000e+01 -6.933672e-02
2.437500e+01 -7.363692e-02
2.500000e+01 -7.808705e-02
2.562500e+01 -8.268771e-02
2.625000e+01 -8.743932e-02
2.687500e+01 -9.234221e-02
2.750000e+01 -9.739655e-02
2.812500e+01 -1.026024e-01
2.875000e+01 -1.079596e-01
2.937500e+01 -1.134680e-01
3.000000e+01 -1.191272e-01
3.062500e+01 -1.249366e-01
3.125000e+01 -1.308957e-01
3.187500e+01 -1.370036e-01
3.250000e+01 -1.432595e-01
3.312500e+01 -1.496622e-01
3.375000e+01 -1.562107e-01
3.437500e+01 -1.629035e-01
3.500000e+01 -1.697392e-01
3.562500e+01 -1.767162e-01
3.625000e+01 -1.838329e-01
3.687500e+01 -1.910872e-01
3.750000e+01 -1.984773e-01
3.812500e+01 -2.060010e-01
3.875000e+01 -2.136561e-01
3.937500e+01 -2.214402e-01
4.000000e+01 -2.293508e-01
4.062500e+01 -2.373853e-01
4.125000e+01 -2.455408e-01
4.187500e+01 -2.538146e-01
4.250000e+01 -2.622036e-01
4.312500e+01 -2.707047e-01
4.375000e+01 -2.793147e-01
4.437500e+01 -2.880301e-01
4.500000e+01 -2.968475e-01
4.562500e+01 -3.057634e-01
4.625000e+01 -3.147739e-01
4.687500e+01 -3.238752e-01
4.750000e+01 -3.330634e-01
4.812500e+01 -3.423345e-01
4.875000e+01 -3.516843e-01
4.937500e+01 -3.611084e-01
5.000000e+01 -3.706025e-01
5.062500e+01 -3.801621e-01
5.125000e+01 -3.897826e-01
5.187500e+01 -3.994593e-01
5.250000e+01 -4.091873e-01
5.312500e+01 -4.189618e-01
5.375000e+01 -4.287777e-01
5.437500e+01 -4.386299e-01
5.500000e+01 -4.485132e-01
5.562500e+01 -4.584222e-01
5.625000e+01 -4.683516e-01
5.687500e+01 -4.782958e-01
5.750000e+01 -4.882492e-01
5.812500e+01 -4.982061e-01
5.875000e+01 -5.081607e-01
5.937500e+01 -5.181071e-01
6.000000e+01 -5.280394e-01
6.062500e+01 -5.379514e-01
6.125000e+01 -5.478369e-01
6.187500e+01 -5.576899e-01
6.250000e+01 -5.675038e-01
6.312500e+01 -5.772722e-01
6.375000e+01 -5.869887e-01
6.437500e+01 -5.966467e-01
6.500000e+01 -6.062393e-01
6.562500e+01 -6.157600e-01
6.625000e+01 -6.252018e-01
6.687500e+01 -6.345578e-01
6.750000e+01 -6.438209e-01
6.812500e+01 -6.529841e-01
6.875000e+01 -6.620402e-01
6.937500e+01 -6.709819e-01
7.000000e+01 -6.798019e-01
7.062500e+01 -6.884928e-01
7.125000e+01 -6.970470e-01
7.187500e+01 -7.054570e-01
7.250000e+01 -7.137152e-01
7.312500e+01 -7.218138e-01
7.375000e+01 -7.297451e-01
7.437500e+01 -7.375011e-01
7.500000e+01 -7.450738e-01
7.562500e+01 -7.524554e-01
7.625000e+01 -7.596376e-01
7.687500e+01 -7.666124e-01
7.750000e+01 -7.733714e-01
7.812500e+01 -7.799064e-01
7.875000e+01 -7.862089e-01
7.937500e+01 -7.922705e-01
8.000000e+01 -7.980827e-01
8.062500e+01 -8.036369e-01
8.125000e+01 -8.089245e-01
8.187500e+01 -8.139366e-01
8.250000e+01 -8.186644e-01
8.312500e+01 -8.230992e-01
8.375000e+01 -8.272319e-01
8.437500e+01 -8.310536e-01
8.500000e+01 -8.345551e-01
8.562500e+01 -8.377273e-01
8.625000e+01 -8.405611e-01
8.687500e+01 -8.430470e-01
8.750000e+01 -8.451758e-01
8.812500e+01 -8.469381e-01
8.875000e+01 -8.483244e-01
8.937500e+01 -8.493250e-01
9.000000e+01 -8.499305e-01
9.062500e+01 -8.501312e-01
9.125000e+01 -8.499172e-01
9.187500e+01 -8.492788e-01
9.250000e+01 -8.482061e-01
9.312500e+01 -8.466891e-01
9.375000e+01 -8.447180e-01
9.437500e+01 -8.422825e-01
9.500000e+01 -8.393726e-01
9.562500e+01 -8.359781e-01
9.625000e+01 -8.320887e-01
9.687500e+01 -8.276941e-01
9.750000e+01 -8.227838e-01
9.812500e+01 -8.173475e-01
9.875000e+01 -8.113747e-01
9.937500e+01 -8.048547e-01
1.000000e+02 -7.977769e-01
1.006250e+02 -7.901306e-01
1.012500e+02 -7.819051e-01
1.018750e+02 -7.730894e-01
1.025000e+02 -7.636728e-01
1.031250e+02 -7.536443e-01
1.037500e+02 -7.429927e-01
1.043750e+02 -7.317072e-01
1.050000e+02 -7.197764e-01
1.056250e+02 -7.071893e-01
1.062500e+02 -6.939345e-01
1.068750e+02 -6.800007e-01
1.075000e+02 -6.653765e-01
1.081250e+02 -6.500505e-01
1.087500e+02 -6.340111e-01
1.093750e+02 -6.172468e-01
1.100000e+02 -5.997459e-01
1.106250e+02 -5.814967e-01
1.112500e+02 -5.624874e-01
1.118750e+02 -5.427063e-01
1.125000e+02 -5.221413e-01
1.131250e+02 -5.007807e-01
1.137500e+02 -4.786123e-01
1.143750e+02 -4.556240e-01
1.150000e+02 -4.318038e-01
1.156250e+02 -4.071395e-01
1.162500e+02 -3.816187e-01
1.168750e+02 -3.552291e-01
1.175000e+02 -3.279584e-01
1.181250e+02 -2.997941e-01
1.187500e+02 -2.707237e-01
1.193750e+02 -2.407347e-01
1.200000e+02 -2.098143e-01
1.206250e+02 -1.779499e-01
1.212500e+02 -1.451287e-01
1.218750e+02 -1.113380e-01
1.225000e+02 -7.656473e-02
1.231250e+02 -4.079609e-02
1.237500e+02 -4.019018e-03
1.243750e+02 3.377955e-02
