0.000000e+00 0.000000e+00
6.250000e-01 7.266574e-05
1.250000e+00 2.902175e-04
1.875000e+00 6.515205e-04
2.500000e+00 1.154937e-03
3.125000e+00 1.798421e-03
3.750000e+00 2.579580e-03
4.375000e+00 3.495725e-03
5.000000e+00 4.543909e-03
5.625000e+00 5.720961e-03
6.250000e+00 7.023512e-03
6.875000e+00 8.448025e-03
7.500000e+00 9.990809e-03
8.125000e+00 1.164805e-02
8.750000e+00 1.341581e-02
9.375000e+00 1.529008e-02
1.000000e+01 1.726674e-02
1.062500e+01 1.934163e-02
1.125000e+01 2.151053e-02
1.187500e+01 2.376916e-02
1.250000e+01 2.611324e-02
1.312500e+01 2.853844e-02
1.375000e+01 3.104046e-02
1.437500e+01 3.361495e-02
1.500000e+01 3.625760e-02
1.562500e+01 3.896412e-02
1.625000e+01 4.173021e-02
1.687500e+01 4.455164e-02
1.750000e+01 4.742420e-02
1.812500e+01 5.034371e-02
1.875000e+01 5.330606e-02
1.937500e+01 5.630719e-02
2.000000e+01 5.934310e-02
2.062500e+01 6.240985e-02
2.125000e+01 6.550359e-02
2.187500e+01 6.862051e-02
2.250000e+01 7.175692e-02
2.312500e+01 7.490919e-02
2.375000e+01 7.807378e-02
2.437500e+01 8.124725e-02
2.500000e+01 8.442625e-02
2.562500e+01 8.760752e-02
2.625000e+01 9.078792e-02
2.687500e+01 9.396439e-02
2.750000e+01 9.713401e-02
2.812500e+01 1.002939e-01
2.875000e+01 1.034414e-01
2.937500e+01 1.065739e-01
3.000000e+01 1.096889e-01
3.062500e+01 1.127840e-01
3.125000e+01 1.158570e-01
3.187500e+01 1.189058e-01
3.250000e+01 1.219282e-01
3.312500e+01 1.249226e-01
3.375000e+01 1.278870e-01
3.437500e+01 1.308200e-01
3.500000e+01 1.337199e-01
3.562500e+01 1.365855e-01
3.625000e+01 1.394154e-01
3.687500e+01 1.422087e-01
3.750000e+01 1.449642e-01
3.812500e+01 1.476812e-01
3.875000e+01 1.503590e-01
3.937500e+01 1.529971e-01
4.000000e+01 1.555948e-01
4.062500e+01 1.581521e-01
4.125000e+01 1.606687e-01
4.187500e+01 1.631445e-01
4.250000e+01 1.655798e-01
4.312500e+01 1.679747e-01
4.375000e+01 1.703297e-01
4.437500e+01 1.726452e-01
4.500000e+01 1.749219e-01
4.562500e+01 1.771606e-01
4.625000e+01 1.793623e-01
4.687500e+01 1.815280e-01
4.750000e+01 1.836589e-01
4.812500e+01 1.857564e-01
4.875000e+01 1.878219e-01
4.937500e+01 1.898571e-01
5.000000e+01 1.918637e-01
5.062500e+01 1.938436e-01
5.125000e+01 1.957988e-01
5.187500e+01 1.977315e-01
5.250000e+01 1.996439e-01
5.312500e+01 2.015386e-01
5.375000e+01 2.034179e-01
5.437500e+01 2.052847e-01
5.500000e+01 2.071417e-01
5.562500e+01 2.089919e-01
5.625000e+01 2.108384e-01
5.687500e+01 2.126844e-01
5.750000e+01 2.145332e-01
5.812500e+01 2.163883e-01
5.875000e+01 2.182534e-01
5.937500e+01 2.201320e-01
6.000000e+01 2.220281e-01
6.062500e+01 2.239456e-01
6.125000e+01 2.258888e-01
6.187500e+01 2.278616e-01
6.250000e+01 2.298687e-01
6.312500e+01 2.319143e-01
6.375000e+01 2.340032e-01
6.437500e+01 2.361399e-01
6.500000e+01 2.383295e-01
6.562500e+01 2.405768e-01
6.625000e+01 2.428868e-01
6.687500e+01 2.452649e-01
6.750000e+01 2.477163e-01
6.812500e+01 2.502465e-01
6.875000e+01 2.528610e-01
6.937500e+01 2.555654e-01
7.000000e+01 2.583656e-01
7.062500e+01 2.612674e-01
7.125000e+01 2.642769e-01
7.187500e+01 2.674001e-01
7.250000e+01 2.706433e-01
7.312500e+01 2.740129e-01
7.375000e+01 2.775152e-01
7.437500e+01 2.811569e-01
7.500000e+01 2.849446e-01
7.562500e+01 2.888851e-01
7.625000e+01 2.929852e-01
7.687500e+01 2.972520e-01
7.750000e+01 3.016926e-01
7.812500e+01 3.063140e-01
7.875000e+01 3.111238e-01
7.937500e+01 3.161291e-01
8.000000e+01 3.213377e-01
8.062500e+01 3.267570e-01
8.125000e+01 3.323947e-01
8.187500e+01 3.382588e-01
8.250000e+01 3.443570e-01
8.312500e+01 3.506974e-01
8.375000e+01 3.572881e-01
8.437500e+01 3.641373e-01
8.500000e+01 3.712533e-01
8.562500e+01 3.786445e-01
8.625000e+01 3.863194e-01
8.687500e+01 3.942866e-01
8.750000e+01 4.025546e-01
8.812500e+01 4.111324e-01
8.875000e+01 4.200288e-01
8.937500e+01 4.292527e-01
9.000000e+01 4.388131e-01
9.062500e+01 4.487193e-01
9.125000e+01 4.589804e-01
9.187500e+01 4.696057e-01
9.250000e+01 4.806047e-01
9.312500e+01 4.919869e-01
9.375000e+01 5.037617e-01
9.437500e+01 5.159390e-01
9.500000e+01 5.285284e-01
9.562500e+01 5.415398e-01
9.625000e+01 5.549831e-01
9.687500e+01 5.688684e-01
9.750000e+01 5.832056e-01
9.812500e+01 5.980051e-01
9.875000e+01 6.132770e-01
9.937500e+01 6.290317e-01
1.000000e+02 6.452797e-01
1.006250e+02 6.620314e-01
1.012500e+02 6.792974e-01
1.018750e+02 6.970884e-01
1.025000e+02 7.154152e-01
1.031250e+02 7.342885e-01
1.037500e+02 7.537194e-01
1.043750e+02 7.737187e-01
1.050000e+02 7.942976e-01
1.056250e+02 8.154671e-01
1.062500e+02 8.372386e-01
1.068750e+02 8.596233e-01
1.075000e+02 8.826326e-01
1.081250e+02 9.062780e-01
1.087500e+02 9.305709e-01
1.093750e+02 9.555230e-01
1.100000e+02 9.811460e-01
1.106250e+02 1.007452e+00
1.112500e+02 1.034452e+00
1.118750e+02 1.062158e+00
1.125000e+02 1.090583e+00
1.131250e+02 1.119738e+00
1.137500e+02 1.149636e+00
1.143750e+02 1.180289e+00
1.150000e+02 1.211708e+00
1.156250e+02 1.243907e+00
1.162500e+02 1.276897e+00
1.168750e+02 1.310692e+00
1.175000e+02 1.345304e+00
1.181250e+02 1.380745e+00
1.187500e+02 1.417028e+00
1.193750e+02 1.454167e+00
1.200000e+02 1.492173e+00
1.206250e+02 1.531059e+00
1.212500e+02 1.570840e+00
1.218750e+02 1.611527e+00
1.225000e+02 1.653134e+00
1.231250e+02 1.695674e+00
1.237500e+02 1.739160e+00
1.243750e+02 1.783606e+00
