0.000000e+00 0.000000e+00
6.250000e-01 1.376441e-05
1.250000e+00 5.463183e-05
1.875000e+00 1.215262e-04
2.500000e+00 2.129083e-04
3.125000e+00 3.268686e-04
3.750000e+00 4.611913e-04
4.375000e+00 6.134022e-04
5.000000e+00 7.808083e-04
5.625000e+00 9.605304e-04
6.250000e+00 1.149531e-03
6.875000e+00 1.344640e-03
7.500000e+00 1.542575e-03
8.125000e+00 1.739963e-03
8.750000e+00 1.933353e-03
9.375000e+00 2.119241e-03
1.000000e+01 2.294076e-03
1.062500e+01 2.454277e-03
1.125000e+01 2.596245e-03
1.187500e+01 2.716377e-03
1.250000e+01 2.811071e-03
1.312500e+01 2.876742e-03
1.375000e+01 2.909828e-03
1.437500e+01 2.906796e-03
1.500000e+01 2.864157e-03
1.562500e+01 2.778467e-03
1.625000e+01 2.646336e-03
1.687500e+01 2.464438e-03
1.750000e+01 2.229510e-03
1.812500e+01 1.938364e-03
1.875000e+01 1.587890e-03
1.937500e+01 1.175061e-03
2.000000e+01 6.969361e-04
2.062500e+01 1.506693e-04
2.125000e+01 -4.664911e-04
2.187500e+01 -1.157196e-03
2.250000e+01 -1.923994e-03
2.312500e+01 -2.769325e-03
2.375000e+01 -3.695520e-03
2.437500e+01 -4.704798e-03
2.500000e+01 -5.799260e-03
2.562500e+01 -6.980893e-03
2.625000e+01 -8.251559e-03
2.687500e+01 -9.613002e-03
2.750000e+01 -1.106684e-02
2.812500e+01 -1.261457e-02
2.875000e+01 -1.425754e-02
2.937500e+01 -1.599701e-02
3.000000e+01 -1.783407e-02
3.062500e+01 -1.976970e-02
3.125000e+01 -2.180474e-02
3.187500e+01 -2.393990e-02
3.250000e+01 -2.617576e-02
3.312500e+01 -2.851274e-02
3.375000e+01 -3.095117e-02
3.437500e+01 -3.349120e-02
3.500000e+01 -3.613288e-02
3.562500e+01 -3.887608e-02
3.625000e+01 -4.172058e-02
3.687500e+01 -4.466600e-02
3.750000e+01 -4.771181e-02
3.812500e+01 -5.085737e-02
3.875000e+01 -5.410190e-02
3.937500e+01 -5.744445e-02
4.000000e+01 -6.088397e-02
4.062500e+01 -6.441927e-02
4.125000e+01 -6.804901e-02
4.187500e+01 -7.177171e-02
4.250000e+01 -7.558577e-02
4.312500e+01 -7.948946e-02
4.375000e+01 -8.348090e-02
4.437500e+01 -8.755808e-02
4.500000e+01 -9.171886e-02
4.562500e+01 -9.596097e-02
4.625000e+01 -1.002820e-01
4.687500e+01 -1.046794e-01
4.750000e+01 -1.091506e-01
4.812500e+01 -1.136927e-01
4.875000e+01 -1.183027e-01
4.937500e+01 -1.229778e-01
5.000000e+01 -1.277146e-01
5.062500e+01 -1.325099e-01
5.125000e+01 -1.373602e-01
5.187500e+01 -1.422620e-01
5.250000e+01 -1.472116e-01
5.312500e+01 -1.522052e-01
5.375000e+01 -1.572390e-01
5.437500e+01 -1.623087e-01
5.500000e+01 -1.674103e-01
5.562500e+01 -1.725396e-01
5.625000e+01 -1.776920e-01
5.687500e+01 -1.828631e-01
5.750000e+01 -1.880482e-01
5.812500e+01 -1.932427e-01
5.875000e+01 -1.984415e-01
5.937500e+01 -2.036399e-01
6.000000e+01 -2.088326e-01
6.062500e+01 -2.140144e-01
6.125000e+01 -2.191801e-01
6.187500e+01 -2.243243e-01
6.250000e+01 -2.294413e-01
6.312500e+01 -2.345256e-01
6.375000e+01 -2.395715e-01
6.437500e+01 -2.445730e-01
6.500000e+01 -2.495243e-01
6.562500e+01 -2.544192e-01
6.625000e+01 -2.592516e-01
6.687500e+01 -2.640152e-01
6.750000e+01 -2.687037e-01
6.812500e+01 -2.733107e-01
6.875000e+01 -2.778294e-01
6.937500e+01 -2.822534e-01
7.000000e+01 -2.865758e-01
7.062500e+01 -2.907897e-01
7.125000e+01 -2.948882e-01
7.187500e+01 -2.988643e-01
7.250000e+01 -3.027108e-01
7.312500e+01 -3.064205e-01
7.375000e+01 -3.099860e-01
7.437500e+01 -3.133999e-01
7.500000e+01 -3.166547e-01
7.562500e+01 -3.197428e-01
7.625000e+01 -3.226566e-01
7.687500e+01 -3.253881e-01
7.750000e+01 -3.279296e-01
7.812500e+01 -3.302730e-01
7.875000e+01 -3.324104e-01
7.937500e+01 -3.343336e-01
8.000000e+01 -3.360343e-01
8.062500e+01 -3.375043e-01
8.125000e+01 -3.387352e-01
8.187500e+01 -3.397184e-01
8.250000e+01 -3.404456e-01
8.312500e+01 -3.409079e-01
8.375000e+01 -3.410967e-01
8.437500e+01 -3.410031e-01
8.500000e+01 -3.406184e-01
8.562500e+01 -3.399335e-01
8.625000e+01 -3.389393e-01
8.687500e+01 -3.376268e-01
8.750000e+01 -3.359868e-01
8.812500e+01 -3.340099e-01
8.875000e+01 -3.316868e-01
8.937500e+01 -3.290081e-01
9.000000e+01 -3.259642e-01
9.062500e+01 -3.225456e-01
9.125000e+01 -3.187426e-01
9.187500e+01 -3.145455e-01
9.250000e+01 -3.099444e-01
9.312500e+01 -3.049294e-01
9.375000e+01 -2.994906e-01
9.437500e+01 -2.936180e-01
9.500000e+01 -2.873014e-01
9.562500e+01 -2.805306e-01
9.625000e+01 -2.732955e-01
9.687500e+01 -2.655856e-01
9.750000e+01 -2.573905e-01
9.812500e+01 -2.486999e-01
9.875000e+01 -2.395031e-01
9.937500e+01 -2.297895e-01
1.000000e+02 -2.195484e-01
1.006250e+02 -2.087691e-01
1.012500e+02 -1.974408e-01
1.018750e+02 -1.855526e-01
1.025000e+02 -1.730934e-01
1.031250e+02 -1.600523e-01
1.037500e+02 -1.464182e-01
1.043750e+02 -1.321798e-01
1.050000e+02 -1.173260e-01
1.056250e+02 -1.018455e-01
1.062500e+02 -8.572678e-02
1.068750e+02 -6.895851e-02
1.075000e+02 -5.152915e-02
1.081250e+02 -3.342714e-02
1.087500e+02 -1.464081e-02
1.093750e+02 4.841532e-03
1.100000e+02 2.503167e-02
1.106250e+02 4.594144e-02
1.112500e+02 6.758276e-02
1.118750e+02 8.996761e-02
1.125000e+02 1.131080e-01
1.131250e+02 1.370161e-01
1.137500e+02 1.617040e-01
1.143750e+02 1.871840e-01
1.150000e+02 2.134684e-01
1.156250e+02 2.405695e-01
1.162500e+02 2.684998e-01
1.168750e+02 2.972717e-01
1.175000e+02 3.268979e-01
1.181250e+02 3.573910e-01
1.187500e+02 3.887636e-01
1.193750e+02 4.210285e-01
1.200000e+02 4.541985e-01
1.206250e+02 4.882866e-01
1.212500e+02 5.233055e-01
1.218750e+02 5.592685e-01
1.225000e+02 5.961884e-01
1.231250e+02 6.340785e-01
1.237500e+02 6.729520e-01
1.243750e+02 7.128221e-01
