#  V = 4 kappa = 0.00774597 k*k Ntau/Nc = 0.001 Ntau = 50 order in k = 4 beta = 0
#mu/M = 0.998929 numberofsamples = 2500 time between measurments = 0.01 N_f = 2
0.0010   -0.0001471582 0.0000001594   1.6413872566 0.0013523453 1.2589024638 0.0091807689 0.0009908462 23.5828120000
0.0060   -0.0004324261 0.0000005605   1.5882295920 0.0014194798 1.2537925141 0.0089578445 0.0009880451 23.1581000000
0.0110   -0.0005980968 0.0000012987   1.5373621809 0.0016377725 1.2297732154 0.0097984683 0.0009923913 23.1721450000
0.0160   -0.0007000885 0.0000022805   1.4908788556 0.0018512739 1.2109488453 0.0119174307 0.0009889727 23.1855140000
0.0210   -0.0007554481 0.0000034786   1.4537167418 0.0018172874 1.2128521397 0.0096859139 0.0009901032 23.1145970000
0.0260   -0.0007474462 0.0000067735   1.4153872455 0.0016711565 1.1755159945 0.0113070726 0.0009904537 23.1333650000
0.0310   -0.0006978835 0.0000080210   1.3867324517 0.0018713616 1.1625152870 0.0098746015 0.0009914984 22.9502020000
0.0360   -0.0005985830 0.0000092782   1.3649111762 0.0014694732 1.1510693971 0.0093993899 0.0009898316 23.0382070000
0.0410   -0.0004443268 0.0000124298   1.3498748947 0.0020479396 1.1352376268 0.0100281084 0.0009901698 23.0592560000
0.0460   -0.0002317404 0.0000163083   1.3423136234 0.0025680395 1.1030923824 0.0114220299 0.0009920026 23.1132400000
0.0510   0.0000118433 0.0000187597   1.3436396330 0.0022369404 1.0979588347 0.0102936094 0.0009881677 23.0322370000
0.0560   0.0003031575 0.0000195786   1.3518579303 0.0029172740 1.0726027330 0.0100492909 0.0009880422 23.0210800000
0.0610   0.0006527265 0.0000224502   1.3776948541 0.0034063973 1.0347093535 0.0100420605 0.0009911236 22.9734620000
0.0660   0.0009780536 0.0000213792   1.4089465715 0.0041436929 1.0187380238 0.0110169804 0.0009921254 23.0075730000
0.0710   0.0013194003 0.0000182898   1.4472830823 0.0056469434 0.9964197132 0.0102549498 0.0009901230 23.0122590000
0.0760   0.0016117278 0.0000178209   1.4958826753 0.0051612951 0.9889711341 0.0090002425 0.0009910938 23.2098840000
0.0810   0.0019363148 0.0000183683   1.5547507458 0.0069963937 0.9653195148 0.0095663059 0.0009893747 23.0665230000
0.0860   0.0021828492 0.0000163515   1.6187137380 0.0089256915 0.9596936467 0.0104989970 0.0009909922 23.1171990000
0.0910   0.0023762747 0.0000189360   1.6820305363 0.0089386351 0.9418969021 0.0105514763 0.0009871784 23.2317450000
0.0960   0.0026713315 0.0000165720   1.7640454130 0.0087581134 0.9394893804 0.0082047601 0.0009932470 23.2802440000
0.1010   0.0028757303 0.0000144251   1.8457961293 0.0102001426 0.9455615014 0.0093074139 0.0009927211 23.3877940000
0.1060   0.0030734217 0.0000124504   1.9217385271 0.0097227081 0.9500821456 0.0081570616 0.0009935000 23.3915680000
0.1110   0.0032339195 0.0000171817   1.9984610147 0.0110417841 0.9537787793 0.0090749086 0.0009906117 23.3691710000
0.1160   0.0033353654 0.0000221857   2.0763437680 0.0130342972 0.9470632308 0.0081712555 0.0009898790 23.6626540000
0.1210   0.0034479822 0.0000178167   2.1238285407 0.0130338202 0.9519613360 0.0094314148 0.0009860126 23.9331420000
0.1260   0.0035764768 0.0000221579   2.1826090484 0.0159315150 0.9306705029 0.0088769771 0.0009874399 23.8346940000
0.1310   0.0036554229 0.0000245193   2.2059795790 0.0163986405 0.8749187573 0.0096335451 0.0009819803 23.9583180000
0.1360   0.0036207846 0.0000279852   2.2310747796 0.0143313960 0.7992453438 0.0093964621 0.0009706003 24.2880840000
0.1410   0.0034128776 0.0000264642   2.2945565656 0.0136263370 0.7514105363 0.0087335233 0.0009650405 24.6551720000
0.1460   0.0036791766 0.0000337308   2.2804452071 0.0171432367 0.7294723322 0.0098416362 0.0009643349 24.5880260000
0.1510   0.0038959734 0.0000379760   2.2947551972 0.0176299951 0.7382681480 0.0076855041 0.0009687506 24.4901620000
0.1560   0.0041581160 0.0000378158   2.1968671884 0.0164837179 0.7346464455 0.0119284134 0.0009750189 24.4289310000
0.1610   0.0042256013 0.0000321305   2.1777641802 0.0166577744 0.7195761832 0.0082418500 0.0009740405 24.4241960000
0.1660   0.0045437257 0.0000424407   2.1207575840 0.0197796965 0.7168245776 0.0112813749 0.0009740444 24.4059010000
0.1710   0.0049902497 0.0000459181   1.9623475515 0.0167146237 0.7022855295 0.0115690010 0.0009839594 24.1665230000
0.1760   0.0051400245 0.0000410021   1.9771565192 0.0142538058 0.7072081056 0.0119010876 0.0009841473 24.0560360000
0.1810   0.0053486559 0.0000381894   1.9612950804 0.0140821816 0.7083824645 0.0105209839 0.0009826209 24.0459850000
0.1860   0.0054395879 0.0000479160   1.9981343449 0.0155600860 0.7303825920 0.0097301432 0.0009839592 23.9900330000
0.1910   0.0055966304 0.0000458642   1.9773465029 0.0155231230 0.7167023074 0.0096524216 0.0009851584 23.9070840000
0.1960   0.0057755826 0.0000433960   1.9706972210 0.0135036712 0.7306314286 0.0120405143 0.0009823411 24.1185790000