0.000000e+00 9.300000e+01
1.000000e+00 9.300000e+01
2.000000e+00 9.300000e+01
3.000000e+00 9.300000e+01
4.000000e+00 9.300000e+01
5.000000e+00 9.300000e+01
6.000000e+00 9.300000e+01
7.000000e+00 9.300000e+01
8.000000e+00 9.300000e+01
9.000000e+00 9.300000e+01
1.000000e+01 9.300000e+01
1.100000e+01 9.300000e+01
1.200000e+01 9.300000e+01
1.300000e+01 9.300000e+01
1.400000e+01 9.300000e+01
1.500000e+01 9.300000e+01
1.600000e+01 9.300000e+01
1.700000e+01 9.300000e+01
1.800000e+01 9.300000e+01
1.900000e+01 9.300000e+01
2.000000e+01 9.300000e+01
2.100000e+01 9.300000e+01
2.200000e+01 9.300000e+01
2.300000e+01 9.300000e+01
2.400000e+01 9.300000e+01
2.500000e+01 9.300000e+01
2.600000e+01 9.300000e+01
2.700000e+01 9.300000e+01
2.800000e+01 9.300000e+01
2.900000e+01 9.300000e+01
3.000000e+01 9.300000e+01
3.100000e+01 9.300000e+01
3.200000e+01 9.300000e+01
3.300000e+01 9.300000e+01
3.400000e+01 9.300000e+01
3.500000e+01 9.300000e+01
3.600000e+01 9.300000e+01
3.700000e+01 9.300000e+01
3.800000e+01 9.300000e+01
3.900000e+01 9.300000e+01
4.000000e+01 9.300000e+01
4.100000e+01 9.300000e+01
4.200000e+01 9.300000e+01
4.300000e+01 9.300000e+01
4.400000e+01 9.300000e+01
4.500000e+01 9.300000e+01
4.600000e+01 9.300000e+01
4.700000e+01 9.293750e+01
4.800000e+01 9.293750e+01
4.900000e+01 9.293750e+01
5.000000e+01 9.293750e+01
5.100000e+01 9.293750e+01
5.200000e+01 9.287500e+01
5.300000e+01 9.287500e+01
5.400000e+01 9.287500e+01
5.500000e+01 9.281250e+01
5.600000e+01 9.281250e+01
5.700000e+01 9.275000e+01
5.800000e+01 9.275000e+01
5.900000e+01 9.268750e+01
6.000000e+01 9.262500e+01
6.100000e+01 9.256250e+01
6.200000e+01 9.256250e+01
6.300000e+01 9.250000e+01
6.400000e+01 9.243750e+01
6.500000e+01 9.237500e+01
6.600000e+01 9.231250e+01
6.700000e+01 9.225000e+01
6.800000e+01 9.212500e+01
6.900000e+01 9.206250e+01
7.000000e+01 9.193750e+01
7.100000e+01 9.187500e+01
7.200000e+01 9.175000e+01
7.300000e+01 9.162500e+01
7.400000e+01 9.150000e+01
7.500000e+01 9.137500e+01
7.600000e+01 9.125000e+01
7.700000e+01 9.112500e+01
7.800000e+01 9.093750e+01
7.900000e+01 9.081250e+01
8.000000e+01 9.062500e+01
8.100000e+01 9.043750e+01
8.200000e+01 9.025000e+01
8.300000e+01 9.000000e+01
8.400000e+01 8.981250e+01
8.500000e+01 8.956250e+01
8.600000e+01 8.931250e+01
8.700000e+01 8.906250e+01
8.800000e+01 8.881250e+01
8.900000e+01 8.850000e+01
9.000000e+01 8.818750e+01
9.100000e+01 8.787500e+01
9.200000e+01 8.750000e+01
9.300000e+01 8.712500e+01
9.400000e+01 8.675000e+01
9.500000e+01 8.637500e+01
9.600000e+01 8.593750e+01
9.700000e+01 8.543750e+01
9.800000e+01 8.493750e+01
9.900000e+01 8.443750e+01
1.000000e+02 8.387500e+01
1.010000e+02 8.325000e+01
1.020000e+02 8.262500e+01
1.030000e+02 8.193750e+01
1.040000e+02 8.118750e+01
1.050000e+02 8.037500e+01
1.060000e+02 7.950000e+01
1.070000e+02 7.856250e+01
1.080000e+02 7.750000e+01
1.090000e+02 7.637500e+01
1.100000e+02 7.506250e+01
1.110000e+02 7.356250e+01
1.120000e+02 0.000000e+00
1.130000e+02 0.000000e+00
1.140000e+02 0.000000e+00
1.150000e+02 0.000000e+00
1.160000e+02 0.000000e+00
1.170000e+02 0.000000e+00
1.180000e+02 0.000000e+00
1.190000e+02 0.000000e+00
1.200000e+02 0.000000e+00
1.210000e+02 0.000000e+00
1.220000e+02 0.000000e+00
1.230000e+02 0.000000e+00
1.240000e+02 0.000000e+00
1.250000e+02 0.000000e+00
1.260000e+02 0.000000e+00
1.270000e+02 0.000000e+00
1.280000e+02 0.000000e+00
1.290000e+02 0.000000e+00
1.300000e+02 0.000000e+00
1.310000e+02 0.000000e+00
1.320000e+02 0.000000e+00
1.330000e+02 0.000000e+00
1.340000e+02 0.000000e+00
1.350000e+02 0.000000e+00
1.360000e+02 0.000000e+00
1.370000e+02 0.000000e+00
1.380000e+02 0.000000e+00
1.390000e+02 0.000000e+00
1.400000e+02 0.000000e+00
1.410000e+02 0.000000e+00
1.420000e+02 0.000000e+00
1.430000e+02 0.000000e+00
1.440000e+02 0.000000e+00
1.450000e+02 0.000000e+00
1.460000e+02 0.000000e+00
1.470000e+02 0.000000e+00
1.480000e+02 0.000000e+00
1.490000e+02 0.000000e+00
1.500000e+02 0.000000e+00
1.510000e+02 0.000000e+00
1.520000e+02 0.000000e+00
1.530000e+02 0.000000e+00
1.540000e+02 0.000000e+00
1.550000e+02 0.000000e+00
1.560000e+02 0.000000e+00
1.570000e+02 0.000000e+00
1.580000e+02 0.000000e+00
1.590000e+02 0.000000e+00
1.600000e+02 0.000000e+00
1.610000e+02 0.000000e+00
1.620000e+02 0.000000e+00
1.630000e+02 0.000000e+00
1.640000e+02 0.000000e+00
1.650000e+02 0.000000e+00
1.660000e+02 0.000000e+00
1.670000e+02 0.000000e+00
1.680000e+02 0.000000e+00
1.690000e+02 0.000000e+00
1.700000e+02 0.000000e+00
1.710000e+02 0.000000e+00
1.720000e+02 0.000000e+00
1.730000e+02 0.000000e+00
1.740000e+02 0.000000e+00
1.750000e+02 0.000000e+00
1.760000e+02 0.000000e+00
1.770000e+02 0.000000e+00
1.780000e+02 0.000000e+00
1.790000e+02 0.000000e+00
1.800000e+02 0.000000e+00
1.810000e+02 0.000000e+00
1.820000e+02 0.000000e+00
1.830000e+02 0.000000e+00
1.840000e+02 0.000000e+00
1.850000e+02 0.000000e+00
1.860000e+02 0.000000e+00
1.870000e+02 0.000000e+00
1.880000e+02 0.000000e+00
1.890000e+02 0.000000e+00
1.900000e+02 0.000000e+00
1.910000e+02 0.000000e+00
1.920000e+02 0.000000e+00
1.930000e+02 0.000000e+00
1.940000e+02 0.000000e+00
1.950000e+02 0.000000e+00
1.960000e+02 0.000000e+00
1.970000e+02 0.000000e+00
1.980000e+02 0.000000e+00
1.990000e+02 0.000000e+00
