0.000000e+00 1.199680e+02
2.000000e+00 1.199680e+02
4.000000e+00 1.199440e+02
6.000000e+00 1.199200e+02
8.000000e+00 1.198960e+02
1.000000e+01 1.198481e+02
1.200000e+01 1.198001e+02
1.400000e+01 1.197402e+02
1.800000e+01 1.195915e+02
2.000000e+01 1.194958e+02
2.200000e+01 1.194002e+02
2.400000e+01 1.192927e+02
2.600000e+01 1.191734e+02
2.800000e+01 1.190543e+02
3.000000e+01 1.189114e+02
3.200000e+01 1.187687e+02
3.400000e+01 1.186143e+02
3.600000e+01 1.184482e+02
3.800000e+01 1.182824e+02
4.000000e+01 1.180932e+02
4.200000e+01 1.179042e+02
4.600000e+01 1.174868e+02
5.000000e+01 1.170279e+02
5.200000e+01 1.167939e+02
5.400000e+01 1.165369e+02
5.600000e+01 1.162806e+02
5.800000e+01 1.160131e+02
6.000000e+01 1.157231e+02
6.200000e+01 1.154338e+02
6.400000e+01 1.151337e+02
6.600000e+01 1.148228e+02
6.800000e+01 1.145013e+02
7.000000e+01 1.141692e+02
7.200000e+01 1.138381e+02
7.400000e+01 1.134852e+02
7.600000e+01 1.131221e+02
7.800000e+01 1.127488e+02
8.000000e+01 1.123654e+02
8.200000e+01 1.119722e+02
8.400000e+01 1.115691e+02
8.600000e+01 1.111563e+02
8.800000e+01 1.107339e+02
9.000000e+01 1.103020e+02
9.200000e+01 1.098608e+02
9.400000e+01 1.093994e+02
9.600000e+01 1.089399e+02
9.800000e+01 1.084606e+02
1.000000e+02 1.079725e+02
1.020000e+02 1.074758e+02
1.040000e+02 1.069599e+02
1.060000e+02 1.064358e+02
1.080000e+02 1.059037e+02
1.100000e+02 1.053635e+02
1.120000e+02 1.048051e+02
1.140000e+02 1.042392e+02
1.160000e+02 1.036659e+02
1.180000e+02 1.030750e+02
1.200000e+02 1.024771e+02
1.220000e+02 1.018623e+02
1.240000e+02 1.012409e+02
1.260000e+02 1.006132e+02
1.280000e+02 9.996928e+01
1.300000e+02 9.930949e+01
1.320000e+02 9.864411e+01
1.340000e+02 9.796347e+01
1.360000e+02 9.726793e+01
1.400000e+02 9.584642e+01
1.420000e+02 9.512757e+01
1.440000e+02 9.438558e+01
1.460000e+02 9.363993e+01
1.480000e+02 9.287208e+01
1.500000e+02 9.210124e+01
1.520000e+02 9.130917e+01
1.540000e+02 9.051478e+01
1.560000e+02 8.970920e+01
1.580000e+02 8.888388e+01
1.600000e+02 8.804837e+01
1.620000e+02 8.720310e+01
1.640000e+02 8.634851e+01
1.660000e+02 8.547639e+01
1.680000e+02 8.458744e+01
1.700000e+02 8.369927e+01
1.720000e+02 8.278695e+01
1.740000e+02 8.186801e+01
1.760000e+02 8.093472e+01
1.780000e+02 7.998778e+01
1.800000e+02 7.903593e+01
1.820000e+02 7.806379e+01
1.840000e+02 7.708018e+01
1.860000e+02 7.608585e+01
1.880000e+02 7.507391e+01
1.900000e+02 7.405290e+01
1.920000e+02 7.301616e+01
1.940000e+02 7.196473e+01
1.960000e+02 7.089965e+01
1.980000e+02 6.982906e+01
2.000000e+02 6.873275e+01
2.020000e+02 6.763302e+01
2.040000e+02 6.651032e+01
2.060000e+02 6.537299e+01
2.080000e+02 6.422243e+01
2.100000e+02 6.305358e+01
2.120000e+02 6.187448e+01
2.140000e+02 6.067411e+01
2.160000e+02 5.945456e+01
2.180000e+02 5.821791e+01
2.200000e+02 5.696040e+01
2.220000e+02 5.568449e+01
2.240000e+02 5.438704e+01
2.260000e+02 5.307087e+01
2.280000e+02 5.172287e+01
2.300000e+02 5.040000e+01
2.320000e+02 4.896360e+01
2.340000e+02 4.753876e+01
2.360000e+02 4.607932e+01
2.380000e+02 4.459096e+01
2.400000e+02 4.306595e+01
2.420000e+02 4.149835e+01
2.440000e+02 3.988406e+01
2.460000e+02 3.822090e+01
2.480000e+02 3.650478e+01
2.500000e+02 3.471969e+01
2.502000e+02 3.453915e+01
2.504000e+02 3.435609e+01
2.506000e+02 3.417057e+01
2.508000e+02 3.398605e+01
2.510000e+02 3.380252e+01
2.514000e+02 3.342888e+01
2.516000e+02 3.324167e+01
2.520000e+02 3.286504e+01
2.522000e+02 3.267443e+01
2.524000e+02 3.248165e+01
2.526000e+02 3.229001e+01
2.528000e+02 3.209950e+01
2.530000e+02 3.190369e+01
2.532000e+02 3.170908e+01
2.534000e+02 3.151565e+01
2.536000e+02 3.131710e+01
2.538000e+02 3.111980e+01
2.540000e+02 3.092375e+01
2.542000e+02 3.072275e+01
2.544000e+02 3.052305e+01
2.546000e+02 3.032160e+01
2.548000e+02 3.011844e+01
2.550000e+02 2.991364e+01
2.552000e+02 2.971022e+01
2.554000e+02 2.950225e+01
2.556000e+02 2.929574e+01
2.558000e+02 2.908774e+01
2.572000e+02 2.759363e+01
2.574000e+02 2.737564e+01
2.576000e+02 2.715390e+01
2.578000e+02 2.693395e+01
2.580000e+02 2.671040e+01
2.582000e+02 2.648336e+01
2.584000e+02 2.625825e+01
2.586000e+02 2.602981e+01
2.588000e+02 2.580074e+01
2.590000e+02 2.556854e+01
2.592000e+02 2.533586e+01
2.594000e+02 2.510024e+01
2.596000e+02 2.486430e+01
2.598000e+02 2.462560e+01
2.600000e+02 2.438427e+01
2.602000e+02 2.414287e+01
2.603000e+02 2.401974e+01
2.604000e+02 2.389724e+01
2.605000e+02 2.377536e+01
2.606000e+02 2.365173e+01
2.607000e+02 2.352637e+01
2.608000e+02 2.340168e+01
2.609000e+02 2.327766e+01
2.610000e+02 2.315196e+01
2.611000e+02 2.302462e+01
2.612000e+02 2.289799e+01
2.613000e+02 2.276976e+01
2.614000e+02 2.264225e+01
2.615000e+02 2.251319e+01
2.616000e+02 2.238261e+01
2.617000e+02 2.225279e+01
2.618000e+02 2.212150e+01
2.619000e+02 2.199098e+01
2.620000e+02 2.185904e+01
2.621000e+02 2.172570e+01
2.622000e+02 2.159100e+01
2.623000e+02 2.145713e+01
2.624000e+02 2.132195e+01
2.625000e+02 2.118762e+01
2.626000e+02 2.104990e+01
2.627000e+02 2.091308e+01
2.628000e+02 2.077505e+01
2.629000e+02 2.063586e+01
2.630000e+02 2.049760e+01
2.631000e+02 2.035617e+01
2.632000e+02 2.021571e+01
2.633000e+02 2.007218e+01
2.634000e+02 1.992967e+01
2.635000e+02 1.978617e+01
2.636000e+02 1.963975e+01
2.637000e+02 1.949442e+01
2.638000e+02 1.934821e+01
2.639000e+02 1.919923e+01
2.640000e+02 1.905140e+01
2.641000e+02 1.890089e+01
2.642000e+02 1.875157e+01
2.643000e+02 1.859781e+01
2.644000e+02 1.844531e+01
2.645000e+02 1.829221e+01
2.646000e+02 1.813673e+01
2.647000e+02 1.797894e+01
2.648000e+02 1.782252e+01
2.649000e+02 1.766212e+01
2.650000e+02 1.750316e+01
2.651000e+02 1.734038e+01
2.652000e+02 1.717738e+01
2.653000e+02 1.701248e+01
2.654000e+02 1.684746e+01
2.655000e+02 1.668067e+01
2.656000e+02 1.651052e+01
2.657000e+02 1.634047e+01
2.658000e+02 1.616889e+01
2.659000e+02 1.599427e+01
2.660000e+02 1.581993e+01
2.661000e+02 1.564275e+01
2.662000e+02 1.546286e+01
2.663000e+02 1.528194e+01
2.664000e+02 1.509856e+01
2.665000e+02 1.491435e+01
2.666000e+02 1.472643e+01
2.667000e+02 1.453794e+01
2.668000e+02 1.434603e+01
2.669000e+02 1.415236e+01
2.670000e+02 1.395564e+01
2.671000e+02 1.375608e+01
2.672000e+02 1.355386e+01
2.673000e+02 1.334920e+01
2.674000e+02 1.314095e+01
2.675000e+02 1.293070e+01
2.676000e+02 1.271605e+01
2.677000e+02 1.249860e+01
2.678000e+02 1.227738e+01
2.679000e+02 1.205270e+01
2.680000e+02 1.182370e+01
2.681000e+02 1.158959e+01
2.682000e+02 1.135201e+01
2.683000e+02 1.110907e+01
2.684000e+02 1.086134e+01
2.685000e+02 1.060719e+01
2.686000e+02 1.034837e+01
2.687000e+02 1.008242e+01
2.688000e+02 9.809183e+00
2.689000e+02 9.528641e+00
2.690000e+02 9.298000e+00
2.691100e+02 8.912133e+00
2.692200e+02 8.571244e+00
2.693300e+02 8.217680e+00
2.694400e+02 7.847884e+00
2.695500e+02 7.459414e+00
2.696600e+02 7.051011e+00
2.697700e+02 6.615611e+00
2.698800e+02 6.150865e+00
2.699900e+02 5.649569e+00
2.701000e+02 5.097324e+00
2.702100e+02 4.479273e+00
2.703200e+02 3.759230e+00
2.704300e+02 3.005504e+00
2.705400e+02 2.402901e+00
2.706500e+02 1.921119e+00
2.707600e+02 1.535935e+00
2.708700e+02 1.227980e+00
2.709800e+02 0.000000e+00
