0.000000e+00 1.451000e+02
2.600000e+00 1.450855e+02
5.200000e+00 1.450710e+02
7.800000e+00 1.450420e+02
1.040000e+01 1.449840e+02
1.300000e+01 1.449260e+02
1.560000e+01 1.448535e+02
1.820000e+01 1.447666e+02
2.080000e+01 1.446652e+02
2.340000e+01 1.445495e+02
2.600000e+01 1.444194e+02
2.860000e+01 1.442750e+02
3.120000e+01 1.441163e+02
3.380000e+01 1.439578e+02
3.640000e+01 1.437706e+02
3.900000e+01 1.435693e+02
4.160000e+01 1.433540e+02
4.420000e+01 1.431390e+02
4.680000e+01 1.428956e+02
4.940000e+01 1.426384e+02
5.200000e+01 1.423817e+02
5.460000e+01 1.420969e+02
5.720000e+01 1.417985e+02
5.980000e+01 1.414865e+02
6.240000e+01 1.411611e+02
6.500000e+01 1.408223e+02
6.760000e+01 1.404703e+02
7.020000e+01 1.401051e+02
7.280000e+01 1.397268e+02
7.540000e+01 1.393216e+02
7.800000e+01 1.389175e+02
8.060000e+01 1.384869e+02
8.320000e+01 1.380437e+02
8.580000e+01 1.375882e+02
8.840000e+01 1.371204e+02
9.100000e+01 1.366268e+02
9.360000e+01 1.361349e+02
9.620000e+01 1.356040e+02
9.880000e+01 1.350751e+02
1.014000e+02 1.345213e+02
1.040000e+02 1.339563e+02
1.066000e+02 1.333803e+02
1.092000e+02 1.327801e+02
1.118000e+02 1.321693e+02
1.144000e+02 1.315349e+02
1.170000e+02 1.308904e+02
1.196000e+02 1.302228e+02
1.222000e+02 1.295457e+02
1.248000e+02 1.288461e+02
1.274000e+02 1.281246e+02
1.300000e+02 1.273943e+02
1.326000e+02 1.266426e+02
1.352000e+02 1.258701e+02
1.378000e+02 1.250897e+02
1.404000e+02 1.242767e+02
1.430000e+02 1.234564e+02
1.456000e+02 1.226169e+02
1.482000e+02 1.217586e+02
1.508000e+02 1.208698e+02
1.534000e+02 1.199753e+02
1.560000e+02 1.190515e+02
1.586000e+02 1.181110e+02
1.612000e+02 1.171425e+02
1.664000e+02 1.151616e+02
1.690000e+02 1.141366e+02
1.716000e+02 1.130866e+02
1.742000e+02 1.120236e+02
1.768000e+02 1.109369e+02
1.794000e+02 1.098165e+02
1.820000e+02 1.086854e+02
1.846000e+02 1.075224e+02
1.872000e+02 1.063397e+02
1.898000e+02 1.051274e+02
1.924000e+02 1.038974e+02
1.950000e+02 1.026403e+02
1.976000e+02 1.013675e+02
2.002000e+02 1.000599e+02
2.028000e+02 9.872908e+01
2.054000e+02 9.738636e+01
2.080000e+02 9.600347e+01
2.106000e+02 9.460182e+01
2.132000e+02 9.318280e+01
2.158000e+02 9.172914e+01
2.184000e+02 9.025230e+01
2.210000e+02 8.874509e+01
2.236000e+02 8.720980e+01
2.262000e+02 8.565747e+01
2.288000e+02 8.406424e+01
2.314000e+02 8.245020e+01
2.340000e+02 8.080945e+01
2.366000e+02 7.912861e+01
2.392000e+02 7.742734e+01
2.418000e+02 7.568523e+01
2.444000e+02 7.392176e+01
2.470000e+02 7.211068e+01
2.496000e+02 7.027186e+01
2.522000e+02 6.839560e+01
2.548000e+02 6.648052e+01
2.574000e+02 6.451935e+01
2.600000e+02 6.251925e+01
2.604000e+02 6.220740e+01
2.608000e+02 6.189636e+01
2.612000e+02 6.158069e+01
2.616000e+02 6.126663e+01
2.620000e+02 6.094804e+01
2.624000e+02 6.063111e+01
2.628000e+02 6.030977e+01
2.632000e+02 5.999013e+01
2.636000e+02 5.966618e+01
2.640000e+02 5.934398e+01
2.644000e+02 5.902353e+01
2.648000e+02 5.869299e+01
2.652000e+02 5.837018e+01
2.656000e+02 5.804331e+01
2.660000e+02 5.771246e+01
2.664000e+02 5.738350e+01
2.668000e+02 5.705068e+01
2.672000e+02 5.671408e+01
2.676000e+02 5.637946e+01
2.680000e+02 5.604683e+01
2.684000e+02 5.570494e+01
2.688000e+02 5.536514e+01
2.692000e+02 5.502741e+01
2.696000e+02 5.468624e+01
2.700000e+02 5.434172e+01
2.704000e+02 5.399393e+01
2.708000e+02 5.364837e+01
2.716000e+02 5.294718e+01
2.720000e+02 5.259773e+01
2.724000e+02 5.224533e+01
2.728000e+02 5.189006e+01
2.732000e+02 5.153202e+01
2.736000e+02 5.117129e+01
2.740000e+02 5.081309e+01
2.744000e+02 5.045232e+01
2.748000e+02 5.008402e+01
2.752000e+02 4.971841e+01
2.756000e+02 4.935049e+01
2.760000e+02 4.898036e+01
2.764000e+02 4.860811e+01
2.768000e+02 4.823383e+01
2.772000e+02 4.785760e+01
2.776000e+02 4.747953e+01
2.780000e+02 4.709969e+01
2.784000e+02 4.671348e+01
2.788000e+02 4.633042e+01
2.792000e+02 4.594125e+01
2.796000e+02 4.555075e+01
2.800000e+02 4.515901e+01
2.804000e+02 4.476613e+01
2.808000e+02 4.436771e+01
2.812000e+02 4.396396e+01
2.816000e+02 4.356389e+01
2.820000e+02 4.315875e+01
2.824000e+02 4.274874e+01
2.828000e+02 4.233835e+01
2.832000e+02 4.192344e+01
2.836000e+02 4.150420e+01
2.840000e+02 4.108501e+01
2.844000e+02 4.065772e+01
2.848000e+02 4.023082e+01
2.852000e+02 3.980035e+01
2.856000e+02 3.936653e+01
2.860000e+02 3.892956e+01
2.864000e+02 3.848576e+01
2.868000e+02 3.803932e+01
2.872000e+02 3.759046e+01
2.876000e+02 3.713562e+01
2.880000e+02 3.667885e+01
2.884000e+02 3.621669e+01
2.888000e+02 3.574950e+01
2.892000e+02 3.527761e+01
2.896000e+02 3.479783e+01
2.904000e+02 3.382977e+01
2.908000e+02 3.333586e+01
2.912000e+02 3.283916e+01
2.916000e+02 3.233343e+01
2.920000e+02 3.182256e+01
2.924000e+02 3.130704e+01
2.928000e+02 3.078108e+01
2.932000e+02 3.025165e+01
2.936000e+02 2.971317e+01
2.940000e+02 2.916644e+01
2.944000e+02 2.861228e+01
2.948000e+02 2.804862e+01
2.952000e+02 2.747643e+01
2.956000e+02 2.689393e+01
2.960000e+02 2.629957e+01
2.964000e+02 2.569731e+01
2.968000e+02 2.508058e+01
2.972000e+02 2.445356e+01
2.976000e+02 2.381043e+01
2.980000e+02 2.315565e+01
2.984000e+02 2.248413e+01
2.988000e+02 2.179612e+01
2.992000e+02 2.108774e+01
2.996000e+02 2.036233e+01
3.000000e+02 1.961096e+01
3.002000e+02 1.922756e+01
3.004000e+02 1.883820e+01
3.006000e+02 1.844260e+01
3.008000e+02 1.803686e+01
3.010000e+02 1.762652e+01
3.012000e+02 1.720349e+01
3.014000e+02 1.677340e+01
3.016000e+02 1.633310e+01
3.018000e+02 1.588394e+01
3.020000e+02 1.542330e+01
3.022000e+02 1.495289e+01
3.024000e+02 1.446319e+01
3.026000e+02 1.396421e+01
3.028000e+02 1.344753e+01
3.030000e+02 1.291299e+01
3.032000e+02 1.235773e+01
3.034000e+02 1.178310e+01
3.036000e+02 1.117921e+01
3.038000e+02 1.054479e+01
3.040000e+02 9.877836e+00
3.042000e+02 9.166631e+00
3.044000e+02 8.401218e+00
3.046000e+02 7.567397e+00
3.048000e+02 6.642283e+00
3.050000e+02 5.581178e+00
3.052000e+02 4.462152e+00
3.054000e+02 0.000000e+00
