0.000000e+00 1.807500e+02
3.200000e+00 1.807319e+02
6.400000e+00 1.807139e+02
9.600000e+00 1.806596e+02
1.280000e+01 1.806054e+02
1.600000e+01 1.805332e+02
1.920000e+01 1.804429e+02
2.240000e+01 1.803347e+02
2.560000e+01 1.802084e+02
2.880000e+01 1.800643e+02
3.200000e+01 1.799022e+02
3.520000e+01 1.797223e+02
3.840000e+01 1.795246e+02
4.160000e+01 1.793092e+02
4.480000e+01 1.790761e+02
4.800000e+01 1.788433e+02
5.120000e+01 1.785750e+02
5.440000e+01 1.782893e+02
5.760000e+01 1.779862e+02
6.080000e+01 1.776658e+02
6.400000e+01 1.773460e+02
6.720000e+01 1.769913e+02
7.040000e+01 1.766197e+02
7.360000e+01 1.762311e+02
7.680000e+01 1.758258e+02
8.000000e+01 1.754038e+02
8.320000e+01 1.749653e+02
8.640000e+01 1.744929e+02
8.960000e+01 1.740217e+02
9.280000e+01 1.735171e+02
9.600000e+01 1.729965e+02
9.920000e+01 1.724775e+02
1.024000e+02 1.719084e+02
1.056000e+02 1.713411e+02
1.088000e+02 1.707414e+02
1.120000e+02 1.701267e+02
1.152000e+02 1.694972e+02
1.184000e+02 1.688531e+02
1.216000e+02 1.681777e+02
1.248000e+02 1.674882e+02
1.280000e+02 1.667680e+02
1.312000e+02 1.660342e+02
1.344000e+02 1.652871e+02
1.376000e+02 1.644937e+02
1.408000e+02 1.637041e+02
1.440000e+02 1.628856e+02
1.472000e+02 1.620386e+02
1.504000e+02 1.611798e+02
1.536000e+02 1.602933e+02
1.568000e+02 1.593796e+02
1.600000e+02 1.584393e+02
1.632000e+02 1.574886e+02
1.664000e+02 1.564965e+02
1.696000e+02 1.554949e+02
1.728000e+02 1.544686e+02
1.760000e+02 1.534028e+02
1.792000e+02 1.523290e+02
1.824000e+02 1.512170e+02
1.856000e+02 1.500828e+02
1.888000e+02 1.489122e+02
1.920000e+02 1.477358e+02
1.952000e+02 1.465096e+02
1.984000e+02 1.452643e+02
2.016000e+02 1.439859e+02
2.048000e+02 1.426901e+02
2.080000e+02 1.413488e+02
2.144000e+02 1.385800e+02
2.176000e+02 1.371526e+02
2.208000e+02 1.356851e+02
2.240000e+02 1.341926e+02
2.272000e+02 1.326628e+02
2.304000e+02 1.310973e+02
2.336000e+02 1.294848e+02
2.368000e+02 1.278404e+02
2.400000e+02 1.261657e+02
2.432000e+02 1.244372e+02
2.496000e+02 1.208760e+02
2.528000e+02 1.190266e+02
2.560000e+02 1.171341e+02
2.592000e+02 1.151896e+02
2.624000e+02 1.131969e+02
2.656000e+02 1.111593e+02
2.688000e+02 1.090695e+02
2.720000e+02 1.069209e+02
2.752000e+02 1.047076e+02
2.784000e+02 1.024459e+02
2.816000e+02 1.001204e+02
2.848000e+02 9.771750e+01
2.880000e+02 9.524524e+01
2.912000e+02 9.270219e+01
2.944000e+02 9.006945e+01
2.976000e+02 8.735836e+01
3.008000e+02 8.454542e+01
3.040000e+02 8.163706e+01
3.072000e+02 7.864098e+01
3.104000e+02 7.554253e+01
3.136000e+02 7.232441e+01
3.168000e+02 6.897579e+01
3.200000e+02 6.551321e+01
3.203000e+02 6.515064e+01
3.206000e+02 6.482163e+01
3.209000e+02 6.448456e+01
3.212000e+02 6.413956e+01
3.215000e+02 6.379642e+01
3.218000e+02 6.345511e+01
3.221000e+02 6.311562e+01
3.224000e+02 6.276849e+01
3.227000e+02 6.241384e+01
3.230000e+02 6.207057e+01
3.233000e+02 6.171987e+01
3.236000e+02 6.136189e+01
3.239000e+02 6.100600e+01
3.242000e+02 6.065216e+01
3.245000e+02 6.029128e+01
3.248000e+02 5.993255e+01
3.251000e+02 5.957595e+01
3.254000e+02 5.921253e+01
3.257000e+02 5.884246e+01
3.260000e+02 5.847469e+01
3.263000e+02 5.810922e+01
3.266000e+02 5.773733e+01
3.269000e+02 5.735915e+01
3.272000e+02 5.698344e+01
3.278000e+02 5.622683e+01
3.281000e+02 5.584168e+01
3.284000e+02 5.545916e+01
3.287000e+02 5.507095e+01
3.290000e+02 5.468545e+01
3.293000e+02 5.428625e+01
3.296000e+02 5.389810e+01
3.299000e+02 5.349656e+01
3.302000e+02 5.309801e+01
3.305000e+02 5.269447e+01
3.308000e+02 5.229399e+01
3.311000e+02 5.188087e+01
3.314000e+02 5.147101e+01
3.317000e+02 5.105667e+01
3.320000e+02 5.064566e+01
3.323000e+02 5.022277e+01
3.326000e+02 4.980341e+01
3.329000e+02 4.937261e+01
3.332000e+02 4.894554e+01
3.335000e+02 4.851482e+01
3.338000e+02 4.807333e+01
3.341000e+02 4.763586e+01
3.344000e+02 4.719523e+01
3.347000e+02 4.674452e+01
3.350000e+02 4.629811e+01
3.353000e+02 4.584207e+01
3.356000e+02 4.538365e+01
3.359000e+02 4.491620e+01
3.362000e+02 4.444682e+01
3.365000e+02 4.397569e+01
3.368000e+02 4.349635e+01
3.371000e+02 4.301572e+01
3.374000e+02 4.252749e+01
3.377000e+02 4.203842e+01
3.380000e+02 4.154237e+01
3.383000e+02 4.103971e+01
3.386000e+02 4.052466e+01
3.389000e+02 4.001000e+01
3.392000e+02 3.948987e+01
3.395000e+02 3.896465e+01
3.398000e+02 3.842889e+01
3.401000e+02 3.788896e+01
3.404000e+02 3.733957e+01
3.407000e+02 3.678135e+01
3.410000e+02 3.621491e+01
3.413000e+02 3.564091e+01
3.416000e+02 3.505996e+01
3.419000e+02 3.446745e+01
3.422000e+02 3.386427e+01
3.425000e+02 3.325132e+01
3.428000e+02 3.262453e+01
3.431000e+02 3.198999e+01
3.434000e+02 3.134379e+01
3.437000e+02 3.067773e+01
3.440000e+02 3.000282e+01
3.443000e+02 2.931126e+01
3.446000e+02 2.860486e+01
3.449000e+02 2.787686e+01
3.452000e+02 2.712976e+01
3.455000e+02 2.636606e+01
3.458000e+02 2.557640e+01
3.461000e+02 2.476051e+01
3.464000e+02 2.391494e+01
3.467000e+02 2.304085e+01
3.470000e+02 2.212958e+01
3.473000e+02 2.118133e+01
3.476000e+02 2.018475e+01
3.479000e+02 1.913514e+01
3.480600e+02 1.854996e+01
3.481200e+02 1.832551e+01
3.481800e+02 1.810102e+01
3.482400e+02 1.786842e+01
3.483000e+02 1.763614e+01
3.483600e+02 1.739893e+01
3.484200e+02 1.715969e+01
3.484800e+02 1.691603e+01
3.485400e+02 1.667074e+01
3.486000e+02 1.641902e+01
3.486600e+02 1.616616e+01
3.487200e+02 1.590508e+01
3.487800e+02 1.564344e+01
3.488400e+02 1.537437e+01
3.489000e+02 1.510302e+01
3.489600e+02 1.482285e+01
3.490200e+02 1.454122e+01
3.490800e+02 1.425185e+01
3.491400e+02 1.395541e+01
3.492000e+02 1.365258e+01
3.492600e+02 1.334403e+01
3.493200e+02 1.302844e+01
3.493800e+02 1.270273e+01
3.494400e+02 1.236992e+01
3.495000e+02 1.202728e+01
3.495600e+02 1.167247e+01
3.496200e+02 1.130887e+01
3.496800e+02 1.093116e+01
3.497400e+02 1.054146e+01
3.498000e+02 1.013561e+01
3.498600e+02 9.711946e+00
3.499200e+02 9.268110e+00
3.499800e+02 8.802851e+00
3.500000e+02 0.000000e+00
