0.000000e+00 1.113000e+02
2.800000e+00 1.112443e+02
5.600000e+00 1.112165e+02
8.400000e+00 1.111887e+02
1.120000e+01 1.111053e+02
1.400000e+01 1.110220e+02
1.680000e+01 1.109110e+02
1.960000e+01 1.108001e+02
2.240000e+01 1.106616e+02
2.520000e+01 1.104956e+02
2.800000e+01 1.103022e+02
3.080000e+01 1.101092e+02
3.360000e+01 1.098890e+02
3.640000e+01 1.096417e+02
3.920000e+01 1.093676e+02
4.200000e+01 1.090942e+02
4.480000e+01 1.087942e+02
4.760000e+01 1.084678e+02
5.040000e+01 1.081424e+02
5.320000e+01 1.077909e+02
5.600000e+01 1.074137e+02
5.880000e+01 1.070109e+02
6.160000e+01 1.065828e+02
6.440000e+01 1.061565e+02
6.720000e+01 1.056788e+02
7.000000e+01 1.052032e+02
7.280000e+01 1.047035e+02
7.560000e+01 1.041800e+02
7.840000e+01 1.036331e+02
8.120000e+01 1.030631e+02
8.400000e+01 1.024962e+02
8.680000e+01 1.018813e+02
8.960000e+01 1.012445e+02
9.240000e+01 1.006117e+02
9.520000e+01 9.993259e+01
9.800000e+01 9.925805e+01
1.008000e+02 9.853842e+01
1.036000e+02 9.779939e+01
1.064000e+02 9.704144e+01
1.092000e+02 9.626511e+01
1.120000e+02 9.547092e+01
1.148000e+02 9.463555e+01
1.176000e+02 9.378383e+01
1.204000e+02 9.291633e+01
1.232000e+02 9.203363e+01
1.260000e+02 9.111329e+01
1.288000e+02 9.017938e+01
1.316000e+02 8.923250e+01
1.344000e+02 8.825094e+01
1.372000e+02 8.723605e+01
1.400000e+02 8.621103e+01
1.428000e+02 8.515494e+01
1.456000e+02 8.409051e+01
1.484000e+02 8.297631e+01
1.512000e+02 8.185613e+01
1.540000e+02 8.071014e+01
1.568000e+02 7.953984e+01
1.596000e+02 7.834675e+01
1.624000e+02 7.713237e+01
1.652000e+02 7.587897e+01
1.680000e+02 7.460800e+01
1.708000e+02 7.332101e+01
1.736000e+02 7.200123e+01
1.764000e+02 7.065121e+01
1.792000e+02 6.929117e+01
1.820000e+02 6.788803e+01
1.848000e+02 6.646238e+01
1.876000e+02 6.501682e+01
1.904000e+02 6.352143e+01
1.932000e+02 6.201280e+01
1.960000e+02 6.047798e+01
1.988000e+02 5.890556e+01
2.016000e+02 5.730038e+01
2.044000e+02 5.565299e+01
2.072000e+02 5.396949e+01
2.100000e+02 5.225596e+01
2.128000e+02 5.049232e+01
2.156000e+02 4.868722e+01
2.184000e+02 4.682493e+01
2.212000e+02 4.490511e+01
2.240000e+02 4.292929e+01
2.268000e+02 4.086868e+01
2.296000e+02 3.874351e+01
2.300000e+02 3.850000e+01
2.303000e+02 3.819200e+01
2.306000e+02 3.795330e+01
2.309000e+02 3.771609e+01
2.312000e+02 3.748037e+01
2.315000e+02 3.723674e+01
2.318000e+02 3.699471e+01
2.321000e+02 3.675424e+01
2.324000e+02 3.651534e+01
2.327000e+02 3.626886e+01
2.330000e+02 3.602404e+01
2.333000e+02 3.577188e+01
2.336000e+02 3.552147e+01
2.339000e+02 3.527282e+01
2.342000e+02 3.502591e+01
2.345000e+02 3.477197e+01
2.348000e+02 3.451118e+01
2.351000e+02 3.426098e+01
2.354000e+02 3.400402e+01
2.357000e+02 3.374049e+01
2.360000e+02 3.347900e+01
2.363000e+02 3.321954e+01
2.366000e+02 3.295378e+01
2.369000e+02 3.269015e+01
2.372000e+02 3.242046e+01
2.375000e+02 3.215299e+01
2.378000e+02 3.187969e+01
2.381000e+02 3.160871e+01
2.384000e+02 3.133214e+01
2.387000e+02 3.105798e+01
2.390000e+02 3.077846e+01
2.393000e+02 3.049376e+01
2.396000e+02 3.021169e+01
2.399000e+02 2.992468e+01
2.402000e+02 2.964039e+01
2.405000e+02 2.935140e+01
2.408000e+02 2.905789e+01
2.411000e+02 2.876004e+01
2.414000e+02 2.846525e+01
2.417000e+02 2.816637e+01
2.420000e+02 2.786358e+01
2.423000e+02 2.755708e+01
2.426000e+02 2.724706e+01
2.429000e+02 2.694053e+01
2.432000e+02 2.662398e+01
2.435000e+02 2.630449e+01
2.438000e+02 2.598884e+01
2.441000e+02 2.566398e+01
2.444000e+02 2.533676e+01
2.447000e+02 2.500105e+01
2.450000e+02 2.466979e+01
2.453000e+02 2.433058e+01
2.456000e+02 2.398995e+01
2.459000e+02 2.364210e+01
2.462000e+02 2.328746e+01
2.465000e+02 2.293233e+01
2.468000e+02 2.257115e+01
2.471000e+02 2.220437e+01
2.474000e+02 2.183244e+01
2.477000e+02 2.145583e+01
2.480000e+02 2.106963e+01
2.483000e+02 2.067984e+01
2.486000e+02 2.028692e+01
2.489000e+02 1.988118e+01
2.492000e+02 1.946865e+01
2.495000e+02 1.905007e+01
2.498000e+02 1.862145e+01
2.501000e+02 1.818384e+01
2.504000e+02 1.773834e+01
2.507000e+02 1.728158e+01
2.510000e+02 1.681497e+01
2.513000e+02 1.633154e+01
2.516000e+02 1.583751e+01
2.519000e+02 1.532675e+01
2.522000e+02 1.480181e+01
2.525000e+02 1.425785e+01
2.528000e+02 1.369110e+01
2.531000e+02 1.310580e+01
2.534000e+02 1.248983e+01
2.537000e+02 1.184348e+01
2.540000e+02 1.116248e+01
2.543000e+02 1.043692e+01
2.546000e+02 9.659369e+00
2.549000e+02 8.814174e+00
2.552000e+02 7.877668e+00
2.555000e+02 6.816153e+00
2.558000e+02 5.555164e+00
2.561000e+02 0.000000e+00
