0.000000e+00 0.000000e+00 0.000000e+00
7.905694e+00 -1.221904e-04 0.000000e+00
1.118034e+01 -2.416141e-04 0.000000e+00
1.369306e+01 -3.586800e-04 0.000000e+00
1.581139e+01 -4.736059e-04 0.000000e+00
1.767767e+01 -5.865434e-04 0.000000e+00
1.936492e+01 -6.976086e-04 0.000000e+00
2.091650e+01 -8.068957e-04 0.000000e+00
2.236068e+01 -9.144835e-04 0.000000e+00
2.371708e+01 -1.020440e-03 0.000000e+00
2.500000e+01 -1.124825e-03 0.000000e+00
2.622022e+01 -1.227690e-03 0.000000e+00
2.738613e+01 -1.329084e-03 0.000000e+00
2.850439e+01 -1.429049e-03 0.000000e+00
2.958040e+01 -1.527625e-03 0.000000e+00
3.061862e+01 -1.624848e-03 0.000000e+00
3.162278e+01 -1.720751e-03 0.000000e+00
3.259601e+01 -1.815365e-03 0.000000e+00
3.354102e+01 -1.908719e-03 0.000000e+00
3.446012e+01 -2.000840e-03 0.000000e+00
3.535534e+01 -2.091755e-03 0.000000e+00
3.622844e+01 -2.181486e-03 0.000000e+00
3.708099e+01 -2.270056e-03 0.000000e+00
3.791438e+01 -2.357487e-03 0.000000e+00
3.872983e+01 -2.443800e-03 0.000000e+00
3.952847e+01 -2.529013e-03 0.000000e+00
4.031129e+01 -2.613145e-03 0.000000e+00
4.107919e+01 -2.696214e-03 0.000000e+00
4.183300e+01 -2.778237e-03 0.000000e+00
4.257347e+01 -2.859229e-03 0.000000e+00
4.330127e+01 -2.939206e-03 0.000000e+00
4.401704e+01 -3.018184e-03 0.000000e+00
4.472136e+01 -3.096176e-03 0.000000e+00
4.541476e+01 -3.173195e-03 0.000000e+00
4.609772e+01 -3.249256e-03 0.000000e+00
4.677072e+01 -3.324371e-03 0.000000e+00
4.743416e+01 -3.398552e-03 0.000000e+00
4.808846e+01 -3.471811e-03 0.000000e+00
4.873397e+01 -3.544160e-03 0.000000e+00
4.937104e+01 -3.615609e-03 0.000000e+00
5.000000e+01 -3.686170e-03 0.000000e+00
5.062114e+01 -3.755852e-03 0.000000e+00
5.123475e+01 -3.824666e-03 0.000000e+00
5.184110e+01 -3.892621e-03 0.000000e+00
5.244044e+01 -3.959727e-03 0.000000e+00
5.303301e+01 -4.025993e-03 0.000000e+00
5.361903e+01 -4.091429e-03 0.000000e+00
5.419871e+01 -4.156042e-03 0.000000e+00
5.477226e+01 -4.219841e-03 0.000000e+00
5.533986e+01 -4.282835e-03 0.000000e+00
5.590170e+01 -4.345030e-03 0.000000e+00
5.645795e+01 -4.406436e-03 0.000000e+00
5.700877e+01 -4.467060e-03 0.000000e+00
5.755432e+01 -4.526909e-03 0.000000e+00
5.809475e+01 -4.585989e-03 0.000000e+00
5.863020e+01 -4.644310e-03 0.000000e+00
5.916080e+01 -4.701876e-03 0.000000e+00
5.968668e+01 -4.758695e-03 0.000000e+00
6.020797e+01 -4.814773e-03 0.000000e+00
6.072479e+01 -4.870116e-03 0.000000e+00
6.123724e+01 -4.924732e-03 0.000000e+00
6.174545e+01 -4.978626e-03 0.000000e+00
6.224950e+01 -5.031803e-03 0.000000e+00
6.274950e+01 -5.084270e-03 0.000000e+00
6.324555e+01 -5.136032e-03 0.000000e+00
6.373774e+01 -5.187095e-03 0.000000e+00
6.422616e+01 -5.237465e-03 0.000000e+00
6.471090e+01 -5.287146e-03 0.000000e+00
6.519202e+01 -5.336144e-03 0.000000e+00
6.566963e+01 -5.384464e-03 0.000000e+00
6.614378e+01 -5.432111e-03 0.000000e+00
6.661456e+01 -5.479089e-03 0.000000e+00
6.708204e+01 -5.525405e-03 0.000000e+00
6.754628e+01 -5.571061e-03 0.000000e+00
6.800735e+01 -5.616064e-03 0.000000e+00
6.846532e+01 -5.660417e-03 0.000000e+00
6.892024e+01 -5.704125e-03 0.000000e+00
6.937218e+01 -5.747192e-03 0.000000e+00
6.982120e+01 -5.789622e-03 0.000000e+00
7.026735e+01 -5.831421e-03 0.000000e+00
7.071068e+01 -5.872591e-03 0.000000e+00
7.115125e+01 -5.913136e-03 0.000000e+00
7.158911e+01 -5.953062e-03 0.000000e+00
7.202430e+01 -5.992371e-03 0.000000e+00
7.245688e+01 -6.031068e-03 0.000000e+00
7.288690e+01 -6.069156e-03 0.000000e+00
7.331439e+01 -6.106638e-03 0.000000e+00
7.373941e+01 -6.143520e-03 0.000000e+00
7.416198e+01 -6.179803e-03 0.000000e+00
7.458217e+01 -6.215492e-03 0.000000e+00
7.500000e+01 -6.250590e-03 0.000000e+00
7.541552e+01 -6.285100e-03 0.000000e+00
7.582875e+01 -6.319026e-03 0.000000e+00
7.623975e+01 -6.352371e-03 0.000000e+00
7.664855e+01 -6.385138e-03 0.000000e+00
7.705518e+01 -6.417331e-03 0.000000e+00
7.745967e+01 -6.448952e-03 0.000000e+00
7.786206e+01 -6.480004e-03 0.000000e+00
7.826238e+01 -6.510491e-03 0.000000e+00
7.866066e+01 -6.540416e-03 0.000000e+00
7.905694e+01 -6.569781e-03 0.000000e+00
7.945124e+01 -6.598589e-03 0.000000e+00
7.984360e+01 -6.626843e-03 0.000000e+00
8.023403e+01 -6.654546e-03 0.000000e+00
8.062258e+01 -6.681701e-03 0.000000e+00
8.100926e+01 -6.708310e-03 0.000000e+00
8.139410e+01 -6.734376e-03 0.000000e+00
8.177714e+01 -6.759902e-03 0.000000e+00
8.215838e+01 -6.784890e-03 0.000000e+00
8.253787e+01 -6.809343e-03 0.000000e+00
8.291562e+01 -6.833263e-03 0.000000e+00
8.329166e+01 -6.856652e-03 0.000000e+00
8.366600e+01 -6.879514e-03 0.000000e+00
8.403868e+01 -6.901850e-03 0.000000e+00
8.440972e+01 -6.923663e-03 0.000000e+00
8.477912e+01 -6.944956e-03 0.000000e+00
8.514693e+01 -6.965730e-03 0.000000e+00
8.551316e+01 -6.985987e-03 0.000000e+00
8.587782e+01 -7.005731e-03 0.000000e+00
8.624094e+01 -7.024963e-03 0.000000e+00
8.660254e+01 -7.043685e-03 0.000000e+00
8.696264e+01 -7.061900e-03 0.000000e+00
8.732125e+01 -7.079610e-03 0.000000e+00
8.767839e+01 -7.096816e-03 0.000000e+00
8.803408e+01 -7.113521e-03 0.000000e+00
8.838835e+01 -7.129727e-03 0.000000e+00
8.874120e+01 -7.145436e-03 0.000000e+00
8.909265e+01 -7.160650e-03 0.000000e+00
8.944272e+01 -7.175370e-03 0.000000e+00
8.979142e+01 -7.189599e-03 0.000000e+00
9.013878e+01 -7.203339e-03 0.000000e+00
9.048481e+01 -7.216591e-03 0.000000e+00
9.082951e+01 -7.229357e-03 0.000000e+00
9.117291e+01 -7.241639e-03 0.000000e+00
9.151503e+01 -7.253440e-03 0.000000e+00
9.185587e+01 -7.264760e-03 0.000000e+00
9.219544e+01 -7.275601e-03 0.000000e+00
9.253378e+01 -7.285966e-03 0.000000e+00
9.287088e+01 -7.295856e-03 0.000000e+00
9.320676e+01 -7.305272e-03 0.000000e+00
9.354143e+01 -7.314217e-03 0.000000e+00
9.387492e+01 -7.322692e-03 0.000000e+00
9.420722e+01 -7.330698e-03 0.000000e+00
9.453835e+01 -7.338237e-03 0.000000e+00
9.486833e+01 -7.345311e-03 0.000000e+00
9.519716e+01 -7.351922e-03 0.000000e+00
9.552487e+01 -7.358070e-03 0.000000e+00
9.585145e+01 -7.363758e-03 0.000000e+00
9.617692e+01 -7.368987e-03 0.000000e+00
9.650130e+01 -7.373758e-03 0.000000e+00
9.682458e+01 -7.378073e-03 0.000000e+00
9.714680e+01 -7.381934e-03 0.000000e+00
9.746794e+01 -7.385342e-03 0.000000e+00
9.778804e+01 -7.388297e-03 0.000000e+00
9.810708e+01 -7.390803e-03 0.000000e+00
9.842510e+01 -7.392859e-03 0.000000e+00
9.874209e+01 -7.394469e-03 0.000000e+00
9.905806e+01 -7.395632e-03 0.000000e+00
9.937303e+01 -7.396350e-03 0.000000e+00
9.968701e+01 -7.396624e-03 0.000000e+00
1.000000e+02 -7.396457e-03 0.000000e+00
1.003120e+02 -7.395849e-03 0.000000e+00
1.006231e+02 -7.394801e-03 0.000000e+00
1.009331e+02 -7.393315e-03 0.000000e+00
1.012423e+02 -7.391392e-03 0.000000e+00
1.015505e+02 -7.389033e-03 0.000000e+00
1.018577e+02 -7.386240e-03 0.000000e+00
1.021641e+02 -7.383013e-03 0.000000e+00
1.024695e+02 -7.379354e-03 0.000000e+00
1.027740e+02 -7.375265e-03 0.000000e+00
1.030776e+02 -7.370745e-03 0.000000e+00
1.033804e+02 -7.365798e-03 0.000000e+00
1.036822e+02 -7.360423e-03 0.000000e+00
1.039832e+02 -7.354621e-03 0.000000e+00
1.042833e+02 -7.348395e-03 0.000000e+00
1.045825e+02 -7.341744e-03 0.000000e+00
1.048809e+02 -7.334671e-03 0.000000e+00
1.051784e+02 -7.327176e-03 0.000000e+00
1.054751e+02 -7.319260e-03 0.000000e+00
1.057710e+02 -7.310925e-03 0.000000e+00
1.060660e+02 -7.302171e-03 0.000000e+00
1.063602e+02 -7.292999e-03 0.000000e+00
1.066536e+02 -7.283412e-03 0.000000e+00
1.069462e+02 -7.273408e-03 0.000000e+00
1.072381e+02 -7.262991e-03 0.000000e+00
1.075291e+02 -7.252160e-03 0.000000e+00
1.078193e+02 -7.240916e-03 0.000000e+00
1.081087e+02 -7.229262e-03 0.000000e+00
1.083974e+02 -7.217197e-03 0.000000e+00
1.086853e+02 -7.204722e-03 0.000000e+00
1.089725e+02 -7.191839e-03 0.000000e+00
1.092589e+02 -7.178549e-03 0.000000e+00
1.095445e+02 -7.164851e-03 0.000000e+00
1.098294e+02 -7.150749e-03 0.000000e+00
1.101136e+02 -7.136241e-03 0.000000e+00
1.103970e+02 -7.121330e-03 0.000000e+00
1.106797e+02 -7.106016e-03 0.000000e+00
1.109617e+02 -7.090300e-03 0.000000e+00
1.112430e+02 -7.074182e-03 0.000000e+00
1.115235e+02 -7.057665e-03 0.000000e+00
1.118034e+02 -7.040748e-03 0.000000e+00
1.120826e+02 -7.023433e-03 0.000000e+00
1.123610e+02 -7.005720e-03 0.000000e+00
1.126388e+02 -6.987610e-03 0.000000e+00
1.129159e+02 -6.969104e-03 0.000000e+00
1.131923e+02 -6.950204e-03 0.000000e+00
1.134681e+02 -6.930908e-03 0.000000e+00
1.137431e+02 -6.911220e-03 0.000000e+00
1.140175e+02 -6.891139e-03 0.000000e+00
1.142913e+02 -6.870665e-03 0.000000e+00
1.145644e+02 -6.849801e-03 0.000000e+00
1.148368e+02 -6.828547e-03 0.000000e+00
1.151086e+02 -6.806903e-03 0.000000e+00
1.153798e+02 -6.784870e-03 0.000000e+00
1.156503e+02 -6.762449e-03 0.000000e+00
1.159202e+02 -6.739641e-03 0.000000e+00
1.161895e+02 -6.716447e-03 0.000000e+00
1.164581e+02 -6.692867e-03 0.000000e+00
1.167262e+02 -6.668902e-03 0.000000e+00
1.169936e+02 -6.644552e-03 0.000000e+00
1.172604e+02 -6.619819e-03 0.000000e+00
1.175266e+02 -6.594703e-03 0.000000e+00
1.177922e+02 -6.569206e-03 0.000000e+00
1.180572e+02 -6.543326e-03 0.000000e+00
1.183216e+02 -6.517066e-03 0.000000e+00
1.185854e+02 -6.490426e-03 0.000000e+00
1.188486e+02 -6.463407e-03 0.000000e+00
1.191113e+02 -6.436009e-03 0.000000e+00
1.193734e+02 -6.408233e-03 0.000000e+00
1.196349e+02 -6.380080e-03 0.000000e+00
1.198958e+02 -6.351550e-03 0.000000e+00
1.201561e+02 -6.322644e-03 0.000000e+00
1.204159e+02 -6.293363e-03 0.000000e+00
1.206752e+02 -6.263707e-03 0.000000e+00
1.209339e+02 -6.233677e-03 0.000000e+00
1.211920e+02 -6.203274e-03 0.000000e+00
1.214496e+02 -6.172498e-03 0.000000e+00
1.217066e+02 -6.141349e-03 0.000000e+00
1.219631e+02 -6.109830e-03 0.000000e+00
1.222191e+02 -6.077939e-03 0.000000e+00
1.224745e+02 -6.045678e-03 0.000000e+00
1.227294e+02 -6.013047e-03 0.000000e+00
1.229837e+02 -5.980047e-03 0.000000e+00
1.232376e+02 -5.946679e-03 0.000000e+00
1.234909e+02 -5.912942e-03 0.000000e+00
1.237437e+02 -5.878838e-03 0.000000e+00
1.239960e+02 -5.844368e-03 0.000000e+00
1.242477e+02 -5.809531e-03 0.000000e+00
1.244990e+02 -5.774329e-03 0.000000e+00
1.247497e+02 -5.738761e-03 0.000000e+00
1.250000e+02 -5.702829e-03 0.000000e+00
1.252498e+02 -5.666533e-03 0.000000e+00
1.254990e+02 -5.629874e-03 0.000000e+00
1.257478e+02 -5.592852e-03 0.000000e+00
1.259960e+02 -5.555467e-03 0.000000e+00
1.262438e+02 -5.517721e-03 0.000000e+00
