0.000000e+00 0.000000e+00 0.000000e+00
7.905694e+00 1.562029e-05 0.000000e+00
1.118034e+01 3.141328e-05 0.000000e+00
1.369306e+01 4.737987e-05 0.000000e+00
1.581139e+01 6.352091e-05 0.000000e+00
1.767767e+01 7.983726e-05 0.000000e+00
1.936492e+01 9.632977e-05 0.000000e+00
2.091650e+01 1.129993e-04 0.000000e+00
2.236068e+01 1.298466e-04 0.000000e+00
2.371708e+01 1.468725e-04 0.000000e+00
2.500000e+01 1.640779e-04 0.000000e+00
2.622022e+01 1.814635e-04 0.000000e+00
2.738613e+01 1.990301e-04 0.000000e+00
2.850439e+01 2.167784e-04 0.000000e+00
2.958040e+01 2.347093e-04 0.000000e+00
3.061862e+01 2.528236e-04 0.000000e+00
3.162278e+01 2.711218e-04 0.000000e+00
3.259601e+01 2.896049e-04 0.000000e+00
3.354102e+01 3.082734e-04 0.000000e+00
3.446012e+01 3.271282e-04 0.000000e+00
3.535534e+01 3.461699e-04 0.000000e+00
3.622844e+01 3.653993e-04 0.000000e+00
3.708099e+01 3.848170e-04 0.000000e+00
3.791438e+01 4.044237e-04 0.000000e+00
3.872983e+01 4.242202e-04 0.000000e+00
3.952847e+01 4.442070e-04 0.000000e+00
4.031129e+01 4.643849e-04 0.000000e+00
4.107919e+01 4.847545e-04 0.000000e+00
4.183300e+01 5.053164e-04 0.000000e+00
4.257347e+01 5.260713e-04 0.000000e+00
4.330127e+01 5.470199e-04 0.000000e+00
4.401704e+01 5.681627e-04 0.000000e+00
4.472136e+01 5.895004e-04 0.000000e+00
4.541476e+01 6.110336e-04 0.000000e+00
4.609772e+01 6.327629e-04 0.000000e+00
4.677072e+01 6.546889e-04 0.000000e+00
4.743416e+01 6.768121e-04 0.000000e+00
4.808846e+01 6.991333e-04 0.000000e+00
4.873397e+01 7.216529e-04 0.000000e+00
4.937104e+01 7.443716e-04 0.000000e+00
5.000000e+01 7.672899e-04 0.000000e+00
5.062114e+01 7.904084e-04 0.000000e+00
5.123475e+01 8.137276e-04 0.000000e+00
5.184110e+01 8.372480e-04 0.000000e+00
5.244044e+01 8.609703e-04 0.000000e+00
5.303301e+01 8.848950e-04 0.000000e+00
5.361903e+01 9.090225e-04 0.000000e+00
5.419871e+01 9.333535e-04 0.000000e+00
5.477226e+01 9.578884e-04 0.000000e+00
5.533986e+01 9.826278e-04 0.000000e+00
5.590170e+01 1.007572e-03 0.000000e+00
5.645795e+01 1.032722e-03 0.000000e+00
5.700877e+01 1.058078e-03 0.000000e+00
5.755432e+01 1.083640e-03 0.000000e+00
5.809475e+01 1.109409e-03 0.000000e+00
5.863020e+01 1.135386e-03 0.000000e+00
5.916080e+01 1.161571e-03 0.000000e+00
5.968668e+01 1.187964e-03 0.000000e+00
6.020797e+01 1.214566e-03 0.000000e+00
6.072479e+01 1.241377e-03 0.000000e+00
6.123724e+01 1.268398e-03 0.000000e+00
6.174545e+01 1.295629e-03 0.000000e+00
6.224950e+01 1.323071e-03 0.000000e+00
6.274950e+01 1.350724e-03 0.000000e+00
6.324555e+01 1.378589e-03 0.000000e+00
6.373774e+01 1.406666e-03 0.000000e+00
6.422616e+01 1.434955e-03 0.000000e+00
6.471090e+01 1.463457e-03 0.000000e+00
6.519202e+01 1.492172e-03 0.000000e+00
6.566963e+01 1.521101e-03 0.000000e+00
6.614378e+01 1.550244e-03 0.000000e+00
6.661456e+01 1.579602e-03 0.000000e+00
6.708204e+01 1.609175e-03 0.000000e+00
6.754628e+01 1.638963e-03 0.000000e+00
6.800735e+01 1.668967e-03 0.000000e+00
6.846532e+01 1.699186e-03 0.000000e+00
6.892024e+01 1.729623e-03 0.000000e+00
6.937218e+01 1.760276e-03 0.000000e+00
6.982120e+01 1.791147e-03 0.000000e+00
7.026735e+01 1.822235e-03 0.000000e+00
7.071068e+01 1.853541e-03 0.000000e+00
7.115125e+01 1.885066e-03 0.000000e+00
7.158911e+01 1.916810e-03 0.000000e+00
7.202430e+01 1.948772e-03 0.000000e+00
7.245688e+01 1.980954e-03 0.000000e+00
7.288690e+01 2.013356e-03 0.000000e+00
7.331439e+01 2.045978e-03 0.000000e+00
7.373941e+01 2.078821e-03 0.000000e+00
7.416198e+01 2.111885e-03 0.000000e+00
7.458217e+01 2.145170e-03 0.000000e+00
7.500000e+01 2.178676e-03 0.000000e+00
7.541552e+01 2.212404e-03 0.000000e+00
7.582875e+01 2.246355e-03 0.000000e+00
7.623975e+01 2.280528e-03 0.000000e+00
7.664855e+01 2.314924e-03 0.000000e+00
7.705518e+01 2.349543e-03 0.000000e+00
7.745967e+01 2.384386e-03 0.000000e+00
7.786206e+01 2.419452e-03 0.000000e+00
7.826238e+01 2.454743e-03 0.000000e+00
7.866066e+01 2.490258e-03 0.000000e+00
7.905694e+01 2.525998e-03 0.000000e+00
7.945124e+01 2.561963e-03 0.000000e+00
7.984360e+01 2.598153e-03 0.000000e+00
8.023403e+01 2.634569e-03 0.000000e+00
8.062258e+01 2.671211e-03 0.000000e+00
8.100926e+01 2.708079e-03 0.000000e+00
8.139410e+01 2.745173e-03 0.000000e+00
8.177714e+01 2.782495e-03 0.000000e+00
8.215838e+01 2.820043e-03 0.000000e+00
8.253787e+01 2.857819e-03 0.000000e+00
8.291562e+01 2.895822e-03 0.000000e+00
8.329166e+01 2.934054e-03 0.000000e+00
8.366600e+01 2.972513e-03 0.000000e+00
8.403868e+01 3.011201e-03 0.000000e+00
8.440972e+01 3.050118e-03 0.000000e+00
8.477912e+01 3.089264e-03 0.000000e+00
8.514693e+01 3.128639e-03 0.000000e+00
8.551316e+01 3.168243e-03 0.000000e+00
8.587782e+01 3.208077e-03 0.000000e+00
8.624094e+01 3.248141e-03 0.000000e+00
8.660254e+01 3.288436e-03 0.000000e+00
8.696264e+01 3.328961e-03 0.000000e+00
8.732125e+01 3.369717e-03 0.000000e+00
8.767839e+01 3.410703e-03 0.000000e+00
8.803408e+01 3.451921e-03 0.000000e+00
8.838835e+01 3.493371e-03 0.000000e+00
8.874120e+01 3.535052e-03 0.000000e+00
8.909265e+01 3.576965e-03 0.000000e+00
8.944272e+01 3.619110e-03 0.000000e+00
8.979142e+01 3.661488e-03 0.000000e+00
9.013878e+01 3.704098e-03 0.000000e+00
9.048481e+01 3.746941e-03 0.000000e+00
9.082951e+01 3.790018e-03 0.000000e+00
9.117291e+01 3.833327e-03 0.000000e+00
9.151503e+01 3.876871e-03 0.000000e+00
9.185587e+01 3.920648e-03 0.000000e+00
9.219544e+01 3.964659e-03 0.000000e+00
9.253378e+01 4.008904e-03 0.000000e+00
9.287088e+01 4.053383e-03 0.000000e+00
9.320676e+01 4.098097e-03 0.000000e+00
9.354143e+01 4.143046e-03 0.000000e+00
9.387492e+01 4.188230e-03 0.000000e+00
9.420722e+01 4.233650e-03 0.000000e+00
9.453835e+01 4.279304e-03 0.000000e+00
9.486833e+01 4.325195e-03 0.000000e+00
9.519716e+01 4.371321e-03 0.000000e+00
9.552487e+01 4.417683e-03 0.000000e+00
9.585145e+01 4.464282e-03 0.000000e+00
9.617692e+01 4.511117e-03 0.000000e+00
9.650130e+01 4.558189e-03 0.000000e+00
9.682458e+01 4.605497e-03 0.000000e+00
9.714680e+01 4.653043e-03 0.000000e+00
9.746794e+01 4.700826e-03 0.000000e+00
9.778804e+01 4.748846e-03 0.000000e+00
9.810708e+01 4.797104e-03 0.000000e+00
9.842510e+01 4.845600e-03 0.000000e+00
9.874209e+01 4.894334e-03 0.000000e+00
9.905806e+01 4.943306e-03 0.000000e+00
9.937303e+01 4.992517e-03 0.000000e+00
9.968701e+01 5.041966e-03 0.000000e+00
1.000000e+02 5.091654e-03 0.000000e+00
1.003120e+02 5.141581e-03 0.000000e+00
1.006231e+02 5.191747e-03 0.000000e+00
1.009331e+02 5.242152e-03 0.000000e+00
1.012423e+02 5.292797e-03 0.000000e+00
1.015505e+02 5.343682e-03 0.000000e+00
1.018577e+02 5.394806e-03 0.000000e+00
1.021641e+02 5.446171e-03 0.000000e+00
1.024695e+02 5.497776e-03 0.000000e+00
1.027740e+02 5.549621e-03 0.000000e+00
1.030776e+02 5.601707e-03 0.000000e+00
1.033804e+02 5.654034e-03 0.000000e+00
1.036822e+02 5.706602e-03 0.000000e+00
1.039832e+02 5.759412e-03 0.000000e+00
1.042833e+02 5.812462e-03 0.000000e+00
1.045825e+02 5.865755e-03 0.000000e+00
1.048809e+02 5.919289e-03 0.000000e+00
1.051784e+02 5.973065e-03 0.000000e+00
1.054751e+02 6.027083e-03 0.000000e+00
1.057710e+02 6.081344e-03 0.000000e+00
1.060660e+02 6.135847e-03 0.000000e+00
1.063602e+02 6.190593e-03 0.000000e+00
1.066536e+02 6.245583e-03 0.000000e+00
1.069462e+02 6.300815e-03 0.000000e+00
1.072381e+02 6.356291e-03 0.000000e+00
1.075291e+02 6.412010e-03 0.000000e+00
1.078193e+02 6.467974e-03 0.000000e+00
1.081087e+02 6.524181e-03 0.000000e+00
1.083974e+02 6.580633e-03 0.000000e+00
1.086853e+02 6.637329e-03 0.000000e+00
1.089725e+02 6.694271e-03 0.000000e+00
1.092589e+02 6.751457e-03 0.000000e+00
1.095445e+02 6.808888e-03 0.000000e+00
1.098294e+02 6.866565e-03 0.000000e+00
1.101136e+02 6.924487e-03 0.000000e+00
1.103970e+02 6.982656e-03 0.000000e+00
1.106797e+02 7.041071e-03 0.000000e+00
1.109617e+02 7.099732e-03 0.000000e+00
1.112430e+02 7.158640e-03 0.000000e+00
1.115235e+02 7.217795e-03 0.000000e+00
1.118034e+02 7.277197e-03 0.000000e+00
1.120826e+02 7.336848e-03 0.000000e+00
1.123610e+02 7.396746e-03 0.000000e+00
1.126388e+02 7.456892e-03 0.000000e+00
1.129159e+02 7.517287e-03 0.000000e+00
1.131923e+02 7.577930e-03 0.000000e+00
1.134681e+02 7.638823e-03 0.000000e+00
1.137431e+02 7.699966e-03 0.000000e+00
1.140175e+02 7.761358e-03 0.000000e+00
1.142913e+02 7.823001e-03 0.000000e+00
1.145644e+02 7.884894e-03 0.000000e+00
1.148368e+02 7.947039e-03 0.000000e+00
1.151086e+02 8.009435e-03 0.000000e+00
1.153798e+02 8.072082e-03 0.000000e+00
1.156503e+02 8.134982e-03 0.000000e+00
1.159202e+02 8.198135e-03 0.000000e+00
1.161895e+02 8.261541e-03 0.000000e+00
1.164581e+02 8.325200e-03 0.000000e+00
1.167262e+02 8.389114e-03 0.000000e+00
1.169936e+02 8.453282e-03 0.000000e+00
1.172604e+02 8.517705e-03 0.000000e+00
1.175266e+02 8.582384e-03 0.000000e+00
1.177922e+02 8.647319e-03 0.000000e+00
1.180572e+02 8.712510e-03 0.000000e+00
1.183216e+02 8.777959e-03 0.000000e+00
1.185854e+02 8.843666e-03 0.000000e+00
1.188486e+02 8.909632e-03 0.000000e+00
1.191113e+02 8.975857e-03 0.000000e+00
1.193734e+02 9.042341e-03 0.000000e+00
1.196349e+02 9.109086e-03 0.000000e+00
1.198958e+02 9.176092e-03 0.000000e+00
1.201561e+02 9.243361e-03 0.000000e+00
1.204159e+02 9.310892e-03 0.000000e+00
1.206752e+02 9.378686e-03 0.000000e+00
1.209339e+02 9.446745e-03 0.000000e+00
1.211920e+02 9.515069e-03 0.000000e+00
1.214496e+02 9.583658e-03 0.000000e+00
1.217066e+02 9.652515e-03 0.000000e+00
1.219631e+02 9.721640e-03 0.000000e+00
1.222191e+02 9.791033e-03 0.000000e+00
1.224745e+02 9.860696e-03 0.000000e+00
1.227294e+02 9.930630e-03 0.000000e+00
1.229837e+02 1.000084e-02 0.000000e+00
1.232376e+02 1.007131e-02 0.000000e+00
1.234909e+02 1.014207e-02 0.000000e+00
1.237437e+02 1.021309e-02 0.000000e+00
1.239960e+02 1.028440e-02 0.000000e+00
1.242477e+02 1.035598e-02 0.000000e+00
1.244990e+02 1.042784e-02 0.000000e+00
1.247497e+02 1.049998e-02 0.000000e+00
1.250000e+02 1.057240e-02 0.000000e+00
1.252498e+02 1.064511e-02 0.000000e+00
1.254990e+02 1.071809e-02 0.000000e+00
1.257478e+02 1.079137e-02 0.000000e+00
1.259960e+02 1.086493e-02 0.000000e+00
1.262438e+02 1.093878e-02 0.000000e+00
