0.00000e-02 0.000000e+00
-6.000000e-02 5.138093e+01 2.275906e+02
-1.200000e-01 6.572671e+01 3.013147e+02
-1.800000e-01 7.429670e+01 3.484765e+02
-2.400000e-01 8.000000e+01 3.810336e+02
-3.000000e-01 8.390471e+01 4.036051e+02
-3.600000e-01 8.671793e+01 4.198140e+02
-4.200000e-01 8.899438e+01 4.328582e+02
-4.800000e-01 9.033272e+01 4.396586e+02
-5.400000e-01 9.165151e+01 4.463834e+02
-6.000000e-01 9.208692e+01 4.467614e+02
-6.600000e-01 9.295160e+01 4.502210e+02
-7.200000e-01 9.338094e+01 4.504098e+02
-7.800000e-01 9.338094e+01 4.471171e+02
-8.400000e-01 9.380832e+01 4.472388e+02
-9.000000e-01 9.380832e+01 4.437611e+02
-9.600000e-01 9.380832e+01 4.401956e+02
-1.020000e+00 9.380832e+01 4.365894e+02
-1.080000e+00 9.380832e+01 4.329842e+02
-1.140000e+00 9.380832e+01 4.294154e+02
-1.200000e+00 9.380832e+01 4.259127e+02
-1.260000e+00 9.380832e+01 4.225002e+02
-1.320000e+00 9.338094e+01 4.137358e+02
-1.380000e+00 9.338094e+01 4.102640e+02
-1.440000e+00 9.338094e+01 4.069139e+02
-1.500000e+00 9.338094e+01 4.036937e+02
-1.560000e+00 9.338094e+01 4.006093e+02
-1.620000e+00 9.338094e+01 3.976646e+02
-1.680000e+00 9.295160e+01 3.869663e+02
-1.740000e+00 9.295160e+01 3.838628e+02
-1.800000e+00 9.295160e+01 3.808814e+02
-1.860000e+00 9.295160e+01 3.780218e+02
-1.920000e+00 9.295160e+01 3.752835e+02
-1.980000e+00 9.295160e+01 3.726655e+02
-2.040000e+00 9.295160e+01 3.701670e+02
-2.100000e+00 9.295160e+01 3.677873e+02
-2.160000e+00 9.295160e+01 3.665100e+02
-2.220000e+00 9.295160e+01 3.676247e+02
-2.280000e+00 9.295160e+01 3.676117e+02
-2.340000e+00 9.295160e+01 3.683153e+02
-2.400000e+00 9.295160e+01 3.695916e+02
-2.460000e+00 9.295160e+01 3.712893e+02
-2.520000e+00 9.295160e+01 3.727638e+02
-2.580000e+00 9.295160e+01 3.754290e+02
-2.640000e+00 9.295160e+01 3.814189e+02
-2.700000e+00 9.295160e+01 3.887994e+02
-2.760000e+00 9.295160e+01 3.961635e+02
-2.820000e+00 9.295160e+01 4.026873e+02
-2.880000e+00 9.295160e+01 4.076068e+02
-2.940000e+00 9.295160e+01 4.101528e+02
-3.000000e+00 9.295160e+01 4.101871e+02
-3.060000e+00 9.295160e+01 4.084879e+02
-3.120000e+00 9.295160e+01 4.060170e+02
-3.180000e+00 9.295160e+01 4.033987e+02
-3.240000e+00 9.295160e+01 4.009368e+02
-3.300000e+00 9.295160e+01 3.987509e+02
-3.360000e+00 9.295160e+01 3.968700e+02
-3.420000e+00 9.295160e+01 3.952821e+02
-3.480000e+00 9.295160e+01 3.939587e+02
-3.540000e+00 9.295160e+01 3.928663e+02
-3.600000e+00 9.295160e+01 3.919720e+02
-3.660000e+00 9.295160e+01 3.912460e+02
-3.720000e+00 9.295160e+01 3.906624e+02
-3.780000e+00 9.295160e+01 3.901987e+02
-3.840000e+00 9.295160e+01 3.898361e+02
-3.900000e+00 9.295160e+01 3.895579e+02
-3.960000e+00 9.295160e+01 3.893494e+02
-4.020000e+00 9.295160e+01 3.891971e+02
-4.080000e+00 9.295160e+01 3.890884e+02
-4.140000e+00 9.295160e+01 3.890126e+02
-4.200000e+00 9.295160e+01 3.889344e+02
-4.260000e+00 9.295160e+01 3.888765e+02
-4.320000e+00 9.295160e+01 3.888358e+02
-4.380000e+00 9.295160e+01 3.888071e+02
-4.440000e+00 9.295160e+01 3.887869e+02
-4.500000e+00 9.295160e+01 3.887726e+02
-4.560000e+00 9.295160e+01 3.887624e+02
-4.620000e+00 9.295160e+01 3.887551e+02
-4.680000e+00 9.295160e+01 3.887498e+02
-4.740000e+00 9.295160e+01 3.887460e+02
-4.800000e+00 9.295160e+01 3.887433e+02
-4.860000e+00 9.295160e+01 3.887413e+02
-4.920000e+00 9.295160e+01 3.887399e+02
-4.980000e+00 9.295160e+01 3.887388e+02
-5.040000e+00 9.295160e+01 3.887381e+02
-5.100000e+00 9.295160e+01 3.887375e+02
-5.160000e+00 9.295160e+01 3.887371e+02
-5.220000e+00 9.295160e+01 3.887368e+02
-5.280000e+00 9.295160e+01 3.887366e+02
-5.340000e+00 9.295160e+01 3.887364e+02
-5.400000e+00 9.295160e+01 3.887363e+02
-5.460000e+00 9.295160e+01 3.887362e+02
-5.520000e+00 9.295160e+01 3.887362e+02
-5.580000e+00 9.295160e+01 3.887361e+02
-5.640000e+00 9.295160e+01 3.887361e+02
-5.700000e+00 9.295160e+01 3.887360e+02
-5.760000e+00 9.295160e+01 3.887360e+02
-5.820000e+00 9.295160e+01 3.887360e+02
-5.880000e+00 9.295160e+01 3.887360e+02
-5.940000e+00 9.295160e+01 3.887360e+02
-6.000000e+00 9.295160e+01 3.887360e+02
