0.000000e+00 9.300000e+01
5.000000e+01 9.258201e+01
5.200000e+01 9.258201e+01
5.400000e+01 9.258201e+01
5.600000e+01 9.258201e+01
5.800000e+01 9.223848e+01
6.000000e+01 9.223848e+01
6.200000e+01 9.223848e+01
6.400000e+01 9.189366e+01
6.600000e+01 9.189366e+01
6.800000e+01 9.189366e+01
7.000000e+01 9.154754e+01
7.200000e+01 9.154754e+01
7.400000e+01 9.120011e+01
7.600000e+01 9.085135e+01
7.800000e+01 9.085135e+01
8.000000e+01 9.050125e+01
8.200000e+01 9.014979e+01
8.400000e+01 9.014979e+01
8.600000e+01 8.979695e+01
8.800000e+01 8.944272e+01
9.000000e+01 8.908708e+01
9.200000e+01 8.873002e+01
9.400000e+01 8.837151e+01
9.600000e+01 8.801154e+01
9.800000e+01 8.765010e+01
1.000000e+02 8.728716e+01
1.020000e+02 8.692270e+01
1.040000e+02 8.655671e+01
1.060000e+02 8.582004e+01
1.080000e+02 8.544933e+01
1.100000e+02 8.507700e+01
1.120000e+02 8.470303e+01
1.140000e+02 8.395010e+01
1.160000e+02 8.357109e+01
1.180000e+02 8.319035e+01
1.200000e+02 8.242361e+01
1.220000e+02 8.203754e+01
1.240000e+02 8.125992e+01
1.260000e+02 8.086830e+01
1.280000e+02 8.007933e+01
1.300000e+02 7.968191e+01
1.320000e+02 7.888106e+01
1.340000e+02 7.807201e+01
1.360000e+02 7.766432e+01
1.380000e+02 7.684245e+01
1.400000e+02 7.642820e+01
1.420000e+02 7.559289e+01
1.440000e+02 7.474825e+01
1.460000e+02 7.432234e+01
1.480000e+02 7.346309e+01
1.500000e+02 7.259367e+01
1.520000e+02 7.215504e+01
1.540000e+02 7.126966e+01
1.560000e+02 7.037316e+01
1.580000e+02 6.992059e+01
1.600000e+02 6.900656e+01
1.620000e+02 6.808025e+01
1.640000e+02 6.761234e+01
1.660000e+02 6.666667e+01
1.680000e+02 6.570738e+01
1.700000e+02 6.522245e+01
1.720000e+02 6.424161e+01
1.740000e+02 6.374553e+01
1.760000e+02 6.274160e+01
1.780000e+02 6.172134e+01
1.800000e+02 6.120483e+01
1.820000e+02 6.015852e+01
1.840000e+02 5.962848e+01
1.860000e+02 5.855400e+01
1.880000e+02 5.800930e+01
1.900000e+02 5.745944e+01
1.920000e+02 5.634362e+01
1.940000e+02 5.577734e+01
1.960000e+02 5.520524e+01
1.980000e+02 5.404290e+01
2.000000e+02 5.345225e+01
2.020000e+02 5.285500e+01
2.040000e+02 5.225092e+01
2.060000e+02 5.102132e+01
2.080000e+02 5.039526e+01
2.100000e+02 4.976134e+01
2.120000e+02 4.911923e+01
2.140000e+02 4.846861e+01
2.160000e+02 4.780914e+01
2.180000e+02 4.714045e+01
2.200000e+02 4.646214e+01
2.220000e+02 4.577377e+01
2.240000e+02 4.507489e+01
2.260000e+02 4.507489e+01
2.280000e+02 4.436501e+01
2.300000e+02 4.364358e+01
2.320000e+02 4.291002e+01
2.340000e+02 4.216370e+01
2.360000e+02 4.216370e+01
2.380000e+02 4.140393e+01
2.400000e+02 4.062996e+01
2.420000e+02 4.062996e+01
2.440000e+02 3.984095e+01
2.460000e+02 3.984095e+01
2.480000e+02 3.903600e+01
2.500000e+02 3.903600e+01
2.520000e+02 3.791438e+01
2.540000e+02 3.791438e+01
2.560000e+02 3.708099e+01
2.580000e+02 3.708099e+01
2.600000e+02 3.622844e+01
2.620000e+02 3.622844e+01
2.640000e+02 3.622844e+01
2.660000e+02 3.535534e+01
2.680000e+02 3.535534e+01
2.700000e+02 3.446012e+01
2.720000e+02 3.446012e+01
2.740000e+02 3.446012e+01
2.760000e+02 3.354102e+01
2.780000e+02 3.354102e+01
2.800000e+02 3.354102e+01
2.820000e+02 3.259601e+01
2.840000e+02 3.259601e+01
2.860000e+02 3.259601e+01
2.880000e+02 3.162278e+01
2.900000e+02 3.162278e+01
2.920000e+02 3.162278e+01
2.940000e+02 3.162278e+01
2.960000e+02 3.061862e+01
2.980000e+02 3.061862e+01
3.000000e+02 3.061862e+01
3.020000e+02 3.061862e+01
3.040000e+02 2.958040e+01
3.060000e+02 2.958040e+01
3.080000e+02 2.958040e+01
3.100000e+02 2.958040e+01
3.120000e+02 2.958040e+01
3.140000e+02 2.850439e+01
3.160000e+02 2.850439e+01
3.180000e+02 2.850439e+01
3.200000e+02 2.850439e+01
3.220000e+02 2.850439e+01
3.240000e+02 2.850439e+01
3.260000e+02 2.738613e+01
3.280000e+02 2.738613e+01
3.300000e+02 2.738613e+01
3.320000e+02 2.738613e+01
3.340000e+02 2.738613e+01
3.360000e+02 2.738613e+01
3.380000e+02 2.738613e+01
3.400000e+02 2.622022e+01
3.420000e+02 2.622022e+01
3.440000e+02 2.622022e+01
3.460000e+02 2.622022e+01
3.480000e+02 2.622022e+01
3.500000e+02 2.622022e+01
3.520000e+02 2.622022e+01
3.540000e+02 2.622022e+01
3.560000e+02 2.500000e+01
3.580000e+02 2.500000e+01
3.600000e+02 2.500000e+01
3.620000e+02 2.500000e+01
3.640000e+02 2.500000e+01
3.660000e+02 2.500000e+01
3.680000e+02 2.500000e+01
3.700000e+02 2.500000e+01
3.720000e+02 2.500000e+01
3.740000e+02 2.500000e+01
3.760000e+02 2.371708e+01
3.780000e+02 2.371708e+01
3.800000e+02 2.371708e+01
3.820000e+02 2.371708e+01
3.840000e+02 2.371708e+01
3.860000e+02 2.371708e+01
3.880000e+02 2.371708e+01
3.900000e+02 2.371708e+01
3.920000e+02 2.371708e+01
3.940000e+02 2.371708e+01
3.960000e+02 2.371708e+01
3.980000e+02 2.371708e+01
4.000000e+02 2.371708e+01
