0.000000e+00 1.506000e+02
1.000000e+00 1.506000e+02
2.000000e+00 1.506000e+02
3.000000e+00 1.506000e+02
4.000000e+00 1.506000e+02
5.000000e+00 1.506000e+02
6.000000e+00 1.506000e+02
7.000000e+00 1.506000e+02
8.000000e+00 1.506000e+02
9.000000e+00 1.506000e+02
1.000000e+01 1.506000e+02
1.100000e+01 1.506000e+02
1.200000e+01 1.506000e+02
1.300000e+01 1.506000e+02
1.400000e+01 1.506000e+02
1.500000e+01 1.506000e+02
1.600000e+01 1.504000e+02
1.700000e+01 1.504000e+02
1.800000e+01 1.504000e+02
1.900000e+01 1.504000e+02
2.000000e+01 1.504000e+02
2.100000e+01 1.504000e+02
2.200000e+01 1.504000e+02
2.300000e+01 1.502000e+02
2.400000e+01 1.502000e+02
2.500000e+01 1.502000e+02
2.600000e+01 1.502000e+02
2.700000e+01 1.502000e+02
2.800000e+01 1.500000e+02
2.900000e+01 1.500000e+02
3.000000e+01 1.500000e+02
3.100000e+01 1.500000e+02
3.200000e+01 1.500000e+02
3.300000e+01 1.498000e+02
3.400000e+01 1.498000e+02
3.500000e+01 1.498000e+02
3.600000e+01 1.496000e+02
3.700000e+01 1.496000e+02
3.800000e+01 1.496000e+02
3.900000e+01 1.496000e+02
4.000000e+01 1.494000e+02
4.100000e+01 1.494000e+02
4.200000e+01 1.494000e+02
4.300000e+01 1.492000e+02
4.400000e+01 1.492000e+02
4.500000e+01 1.492000e+02
4.600000e+01 1.490000e+02
4.700000e+01 1.490000e+02
4.800000e+01 1.488000e+02
4.900000e+01 1.488000e+02
5.000000e+01 1.488000e+02
5.100000e+01 1.486000e+02
5.200000e+01 1.486000e+02
5.300000e+01 1.484000e+02
5.400000e+01 1.484000e+02
5.500000e+01 1.484000e+02
5.600000e+01 1.482000e+02
5.700000e+01 1.482000e+02
5.800000e+01 1.480000e+02
5.900000e+01 1.480000e+02
6.000000e+01 1.478000e+02
6.100000e+01 1.478000e+02
6.200000e+01 1.476000e+02
6.300000e+01 1.476000e+02
6.400000e+01 1.474000e+02
6.500000e+01 1.474000e+02
6.600000e+01 1.472000e+02
6.700000e+01 1.472000e+02
6.800000e+01 1.470000e+02
6.900000e+01 1.470000e+02
7.000000e+01 1.468000e+02
7.100000e+01 1.468000e+02
7.200000e+01 1.466000e+02
7.300000e+01 1.464000e+02
7.400000e+01 1.464000e+02
7.500000e+01 1.462000e+02
7.600000e+01 1.462000e+02
7.700000e+01 1.460000e+02
7.800000e+01 1.458000e+02
7.900000e+01 1.458000e+02
8.000000e+01 1.456000e+02
8.100000e+01 1.454000e+02
8.200000e+01 1.454000e+02
8.300000e+01 1.452000e+02
8.400000e+01 1.450000e+02
8.500000e+01 1.450000e+02
8.600000e+01 1.448000e+02
8.700000e+01 1.446000e+02
8.800000e+01 1.444000e+02
8.900000e+01 1.444000e+02
9.000000e+01 1.442000e+02
9.100000e+01 1.440000e+02
9.200000e+01 1.438000e+02
9.300000e+01 1.438000e+02
9.400000e+01 1.436000e+02
9.500000e+01 1.434000e+02
9.600000e+01 1.432000e+02
9.700000e+01 1.430000e+02
9.800000e+01 1.430000e+02
9.900000e+01 1.428000e+02
1.000000e+02 1.426000e+02
1.010000e+02 1.424000e+02
1.020000e+02 1.422000e+02
1.030000e+02 1.420000e+02
1.040000e+02 1.418000e+02
1.050000e+02 1.416000e+02
1.060000e+02 1.416000e+02
1.070000e+02 1.414000e+02
1.080000e+02 1.412000e+02
1.090000e+02 1.410000e+02
1.100000e+02 1.408000e+02
1.110000e+02 1.406000e+02
1.120000e+02 1.404000e+02
1.130000e+02 1.402000e+02
1.140000e+02 1.400000e+02
1.150000e+02 1.398000e+02
1.160000e+02 1.396000e+02
1.170000e+02 1.394000e+02
1.180000e+02 1.392000e+02
1.190000e+02 1.390000e+02
1.200000e+02 1.386000e+02
1.210000e+02 1.384000e+02
1.220000e+02 1.382000e+02
1.230000e+02 1.380000e+02
1.240000e+02 1.378000e+02
1.250000e+02 1.376000e+02
1.260000e+02 1.374000e+02
1.270000e+02 1.372000e+02
1.280000e+02 1.368000e+02
1.290000e+02 1.366000e+02
1.300000e+02 1.364000e+02
1.310000e+02 1.362000e+02
1.320000e+02 1.360000e+02
1.330000e+02 1.356000e+02
1.340000e+02 1.354000e+02
1.350000e+02 1.352000e+02
1.360000e+02 1.348000e+02
1.370000e+02 1.346000e+02
1.380000e+02 1.344000e+02
1.390000e+02 1.340000e+02
1.400000e+02 1.338000e+02
1.410000e+02 1.336000e+02
1.420000e+02 1.332000e+02
1.430000e+02 1.330000e+02
1.440000e+02 1.328000e+02
1.450000e+02 1.324000e+02
1.460000e+02 1.322000e+02
1.470000e+02 1.318000e+02
1.480000e+02 1.316000e+02
1.490000e+02 1.312000e+02
1.500000e+02 1.310000e+02
1.510000e+02 1.306000e+02
1.520000e+02 1.304000e+02
1.530000e+02 1.300000e+02
1.540000e+02 1.298000e+02
1.550000e+02 1.294000e+02
1.560000e+02 1.290000e+02
1.570000e+02 1.288000e+02
1.580000e+02 1.284000e+02
1.590000e+02 1.280000e+02
1.600000e+02 1.278000e+02
1.610000e+02 1.274000e+02
1.620000e+02 1.270000e+02
1.630000e+02 1.266000e+02
1.640000e+02 1.264000e+02
1.650000e+02 1.260000e+02
1.660000e+02 1.256000e+02
1.670000e+02 1.252000e+02
1.680000e+02 1.248000e+02
1.690000e+02 1.246000e+02
1.700000e+02 1.242000e+02
1.710000e+02 1.238000e+02
1.720000e+02 1.234000e+02
1.730000e+02 1.230000e+02
1.740000e+02 1.226000e+02
1.750000e+02 1.222000e+02
1.760000e+02 1.218000e+02
1.770000e+02 1.214000e+02
1.780000e+02 1.210000e+02
1.790000e+02 1.206000e+02
1.800000e+02 1.200000e+02
1.810000e+02 1.196000e+02
1.820000e+02 1.192000e+02
1.830000e+02 1.188000e+02
1.840000e+02 1.184000e+02
1.850000e+02 1.178000e+02
1.860000e+02 1.174000e+02
1.870000e+02 1.170000e+02
1.880000e+02 1.164000e+02
1.890000e+02 1.160000e+02
1.900000e+02 1.156000e+02
1.910000e+02 1.150000e+02
1.920000e+02 1.146000e+02
1.930000e+02 1.140000e+02
1.940000e+02 1.136000e+02
1.950000e+02 1.130000e+02
1.960000e+02 1.124000e+02
1.970000e+02 1.120000e+02
1.980000e+02 1.114000e+02
1.990000e+02 1.108000e+02
2.000000e+02 1.102000e+02
2.010000e+02 1.098000e+02
2.020000e+02 1.092000e+02
2.030000e+02 1.086000e+02
2.040000e+02 1.080000e+02
2.050000e+02 1.074000e+02
2.060000e+02 1.068000e+02
2.070000e+02 1.062000e+02
2.080000e+02 1.056000e+02
2.090000e+02 1.050000e+02
2.100000e+02 1.044000e+02
2.110000e+02 1.036000e+02
2.120000e+02 1.030000e+02
2.130000e+02 1.024000e+02
2.140000e+02 1.016000e+02
2.150000e+02 1.010000e+02
2.160000e+02 1.002000e+02
2.170000e+02 9.960000e+01
2.180000e+02 9.880000e+01
2.190000e+02 9.800000e+01
2.200000e+02 9.740000e+01
2.210000e+02 9.660000e+01
2.220000e+02 9.580000e+01
2.230000e+02 9.500000e+01
2.240000e+02 9.420000e+01
2.250000e+02 9.340000e+01
2.260000e+02 9.260000e+01
2.270000e+02 9.160000e+01
2.280000e+02 9.080000e+01
2.290000e+02 9.000000e+01
2.300000e+02 8.900000e+01
2.310000e+02 8.820000e+01
2.320000e+02 8.720000e+01
2.330000e+02 8.620000e+01
2.340000e+02 8.520000e+01
2.350000e+02 8.420000e+01
2.360000e+02 8.320000e+01
2.370000e+02 8.220000e+01
2.380000e+02 8.120000e+01
2.390000e+02 8.020000e+01
2.400000e+02 7.900000e+01
2.410000e+02 7.800000e+01
2.420000e+02 7.680000e+01
2.430000e+02 7.560000e+01
2.440000e+02 7.440000e+01
2.450000e+02 7.320000e+01
2.460000e+02 7.200000e+01
2.470000e+02 7.080000e+01
2.480000e+02 6.940000e+01
2.490000e+02 6.820000e+01
2.500000e+02 6.680000e+01
2.510000e+02 6.540000e+01
2.520000e+02 6.400000e+01
2.530000e+02 6.240000e+01
2.540000e+02 6.100000e+01
2.550000e+02 5.940000e+01
2.560000e+02 5.780000e+01
2.570000e+02 5.620000e+01
2.580000e+02 5.460000e+01
2.590000e+02 5.300000e+01
2.600000e+02 5.140000e+01
2.610000e+02 4.980000e+01
2.620000e+02 4.820000e+01
2.630000e+02 4.660000e+01
2.650000e+02 4.400000e+01
2.700000e+02 3.500000e+01
2.750000e+02 1.500000e+01
2.800000e+02 0.000000e+01
