000 169.1 1.8 4.0
010 168.9 2.7 3.9
020 168.5 2.8 3.9
030 167.6 2.7 3.9
040 167.4 2.5 3.8
050 166.1 2.4 3.7 
060 165.0 2.6 3.7 
070 163.6 2.6 3.7
080 162.8 2.5 3.6
090 161.4 2.5 3.5
100 158.4 3.0 3.5
110 156.1 2.9 3.4
120 153.6 2.3 3.3
130 149.5 2.6 3.3
140 145.9 2.9 3.2
145 143.9 3.4 3.2
150 141.9 3.5 3.1
155 140.3 3.7 3.1
160 136.4 3.4 3.1
165 134.2 4.1 3.1
170 131.1 3.7 3.0
175 128.8 3.2 3.0
180 125.6 3.2 2.9
185 122.4 3.7 2.8
190 118.9 3.6 2.8 
195 116.1 4.0 2.8
200 111.6 3.5 2.7
205 109.5 4.3 2.8
210 103.4 3.7 2.6
215 101.0 5.0 2.7 
220 096.1 5.4 2.6
225 092.1 3.8 2.4
230 087.5 4.0 2.8
235 083.0 3.4 2.8
240 078.9 4.0 2.8
245 074.7 7.0 2.8
250 071.0 6.5 2.9
260 063.0 7.0
270 054.0 7.0
280 045.0 7.0
290 032.0 7.0
295 016.0 7.0
299 000.0 7.0
