1.000000e+00 2.52039360408416e+05 2.52039360408416e+05
2.000000e+00 1.57524600255260e+04 1.57524600255260e+04
3.000000e+00 3.11159704207921e+03 3.11159704207921e+03
4.000000e+00 9.84528751595377e+02 9.84528751595377e+02
5.000000e+00 4.03262976653466e+02 4.03262976653466e+02
6.000000e+00 1.94474815129951e+02 1.94474815129951e+02
8.000000e+00 6.15330471067238e+01 6.15330471067238e+01
9.000000e+00 3.84147790537193e+01 3.84147790537193e+01
1.000000e+01 2.52039390300569e+01 2.52039390300569e+01
1.100000e+01 1.72146365319550e+01 1.72146365319550e+01
1.200000e+01 1.21546986528734e+01 1.21546986528734e+01
1.400000e+01 6.56088482567360e+00 6.56088482567639e+00
1.500000e+01 4.97871826478537e+00 4.97871826480859e+00
1.600000e+01 3.84608022042263e+00 3.84608022057268e+00
1.700000e+01 3.01809062635783e+00 3.01809062714997e+00
1.800000e+01 2.40151132067234e+00 2.40151132411070e+00
1.900000e+01 1.93478883196923e+00 1.93478884466279e+00
2.000000e+01 1.57631817317010e+00 1.57631821399097e+00
2.100000e+01 1.29735575975434e+00 1.29735587644313e+00
2.200000e+01 1.07768908714461e+00 1.07768938854059e+00
2.300000e+01 9.02840320377741e-01 9.02841033350754e-01
2.400000e+01 7.62335604713614e-01 7.62337166839446e-01
2.500000e+01 6.48411705525559e-01 6.48414905568481e-01
2.600000e+01 5.55304877707960e-01 5.55311055682315e-01
2.700000e+01 4.78647661944729e-01 4.78658978716522e-01
2.800000e+01 4.15116742756848e-01 4.15136525939157e-01
2.900000e+01 3.62147892214175e-01 3.62181060798983e-01
3.000000e+01 3.17740053748930e-01 3.17793618981846e-01
3.100000e+01 2.80323656074542e-01 2.80407291040523e-01
3.200000e+01 2.48662882896483e-01 2.48789548644466e-01
3.300000e+01 2.21770878267264e-01 2.21957490459922e-01
3.400000e+01 1.98848183535268e-01 1.99116300845929e-01
3.500000e+01 1.79257362782899e-01 1.79633876703958e-01
3.600000e+01 1.62472137302659e-01 1.62989942688615e-01
3.800000e+01 1.35693527181729e-01 1.36619713012937e-01
3.900000e+01 1.25056023851124e-01 1.26264217060752e-01
4.000000e+01 1.15912599444174e-01 1.17465372653620e-01
4.100000e+01 1.08060852574544e-01 1.10029222504739e-01
4.200000e+01 1.01329947051642e-01 1.03793592159138e-01
4.300000e+01 9.55752077162153e-02 9.86225808817745e-02
4.400000e+01 9.06739260198399e-02 9.44022621397009e-02
4.500000e+01 8.65203643075540e-02 9.10355852874572e-02
4.600000e+01 8.30251321359220e-02 8.84416540582772e-02
4.700000e+01 8.01101173235628e-02 8.65505664204219e-02
4.800000e+01 7.77077575061688e-02 8.53026030180212e-02
4.900000e+01 7.57596378030144e-02 8.46467508515273e-02
5.000000e+01 7.42899080310172e-02 8.46140563108621e-02
5.100000e+01 7.31789462796731e-02 8.50912347171922e-02
5.200000e+01 7.23785708876774e-02 8.60358384680046e-02
5.300000e+01 7.18541669746230e-02 8.74183497472581e-02
5.400000e+01 7.15746628971595e-02 8.92121327805103e-02
5.500000e+01 7.15122603636160e-02 9.13931488234793e-02
5.600000e+01 7.16426392212603e-02 9.39401542375367e-02
5.700000e+01 7.19432809783141e-02 9.68330249737909e-02
5.800000e+01 7.23937823033485e-02 1.00053077919913e-01
5.900000e+01 7.30476857259277e-02 1.03654915523002e-01
6.000000e+01 7.38145874296382e-02 1.07548552769821e-01
6.100000e+01 7.46764811122333e-02 1.11715784707319e-01
6.200000e+01 7.56199091301578e-02 1.16142364960893e-01
6.300000e+01 7.66330029393524e-02 1.20815076545164e-01
6.400000e+01 7.77090201344301e-02 1.25725301601873e-01
6.500000e+01 7.88968501728001e-02 1.30919561538598e-01
6.600000e+01 8.01190509032683e-02 1.36317589132183e-01
6.700000e+01 8.13675182257570e-02 1.41908034425862e-01
6.800000e+01 8.26351767001552e-02 1.47680191797857e-01
6.900000e+01 8.39441334319829e-02 1.53652190144463e-01
7.000000e+01 8.52904260162632e-02 1.59815776627787e-01
7.100000e+01 8.66330718943771e-02 1.66125401061369e-01
7.200000e+01 8.79674677716076e-02 1.72571649346333e-01
7.300000e+01 8.93233786122672e-02 1.79179265285437e-01
7.400000e+01 9.06833509803641e-02 1.85925595381810e-01
7.500000e+01 9.20194109461809e-02 1.92777316737997e-01
7.600000e+01 9.33397555920792e-02 1.99737156988310e-01
7.700000e+01 9.46718741002850e-02 2.06827042196073e-01
7.800000e+01 9.59686954537842e-02 2.13994269709088e-01
7.900000e+01 9.72364697408170e-02 2.21239412950155e-01
8.000000e+01 9.85062499808673e-02 2.28587825064319e-01
8.100000e+01 9.97326791446144e-02 2.35988446114477e-01
8.200000e+01 1.00932413284899e-01 2.43452244774138e-01
8.300000e+01 1.02114400211693e-01 2.50982513992627e-01
8.400000e+01 1.03247748065851e-01 2.58542755038220e-01
8.500000e+01 1.04366547632856e-01 2.66161513817786e-01
8.600000e+01 1.05442775587391e-01 2.73805296726212e-01
8.700000e+01 1.06482662185656e-01 2.81474949608597e-01
8.800000e+01 1.07495061380582e-01 2.89174037879008e-01
8.900000e+01 1.08457211248417e-01 2.96874615754249e-01
9.000000e+01 1.09400589558147e-01 3.04603089504672e-01
9.100000e+01 1.10288821217251e-01 3.12318131525909e-01
9.200000e+01 1.11156363670236e-01 3.20049371377491e-01
9.300000e+01 1.11971026432259e-01 3.27759920038851e-01
9.400000e+01 1.12760492288779e-01 3.35472894980097e-01
9.500000e+01 1.13499361359214e-01 3.43158467309815e-01
9.600000e+01 1.14212118982915e-01 3.50836832020215e-01
9.700000e+01 1.14873949817886e-01 3.58479023779444e-01
9.800000e+01 1.15511476465485e-01 3.66107656640998e-01
9.900000e+01 1.16099170695007e-01 3.73693335798106e-01
1.000000e+02 1.16659762274841e-01 3.81255066440822e-01
1.010000e+02 1.17176162403264e-01 3.88772176757182e-01
1.020000e+02 1.17659015297543e-01 3.96251868682494e-01
1.030000e+02 1.18105769561881e-01 4.03688288059905e-01
1.040000e+02 1.18512065994768e-01 4.11073910912709e-01
1.050000e+02 1.18891021687019e-01 4.18418825716871e-01
1.060000e+02 1.19228639403745e-01 4.25706140701663e-01
1.070000e+02 1.19535576217413e-01 4.32943750177721e-01
1.080000e+02 1.19809276250408e-01 4.40126464780700e-01
1.090000e+02 1.20045146614727e-01 4.47247184745653e-01
1.100000e+02 1.20255553467324e-01 4.54315893155992e-01
1.110000e+02 1.20431345405875e-01 4.61321176415069e-01
1.120000e+02 1.20572480381412e-01 4.68260848138165e-01
1.130000e+02 1.20690215289048e-01 4.75144135645622e-01
1.140000e+02 1.20775128221150e-01 4.81959699059235e-01
1.150000e+02 1.20828267170827e-01 4.88706776805964e-01
1.160000e+02 1.20857989699888e-01 4.95392022057750e-01
1.170000e+02 1.20858771925919e-01 5.02008308475351e-01
1.180000e+02 1.20830465156544e-01 5.08553983596157e-01
1.190000e+02 1.20777395162784e-01 5.15031964868612e-01
1.200000e+02 1.20700590469103e-01 5.21441964720444e-01
1.210000e+02 1.20597216875215e-01 5.27779921884155e-01
1.220000e+02 1.20468272920734e-01 5.34045693698553e-01
1.230000e+02 1.20318879095707e-01 5.40243342195893e-01
1.240000e+02 1.20146628362567e-01 5.46369481546028e-01
1.250000e+02 1.19951091070153e-01 5.52422779943245e-01
1.260000e+02 1.19733158562017e-01 5.58403300242376e-01
1.270000e+02 1.19496602638992e-01 5.64314056507865e-01
1.280000e+02 1.19240341809553e-01 5.70153277412462e-01
1.290000e+02 1.18963774227549e-01 5.75919736387715e-01
1.300000e+02 1.18667690142626e-01 5.81613661353703e-01
1.310000e+02 1.18353331977021e-01 5.87235792143353e-01
1.320000e+02 1.18023669572843e-01 5.92788653166749e-01
1.330000e+02 1.17676407267505e-01 5.98269557974011e-01
1.340000e+02 1.17312255538690e-01 6.03678878458706e-01
1.350000e+02 1.16931895068150e-01 6.09017006551413e-01
1.360000e+02 1.16536132830570e-01 6.14284508009698e-01
1.370000e+02 1.16127759208557e-01 6.19483977305371e-01
1.380000e+02 1.15704888942133e-01 6.24613376417017e-01
1.390000e+02 1.15268137904724e-01 6.29673209519184e-01
1.400000e+02 1.14818097243824e-01 6.34663995105692e-01
1.410000e+02 1.14355342802829e-01 6.39586273462476e-01
1.420000e+02 1.13881107273881e-01 6.44441276939801e-01
1.430000e+02 1.13396380744958e-01 6.49230028683611e-01
1.440000e+02 1.12900423952690e-01 6.53951854139246e-01
1.450000e+02 1.12393754104748e-01 6.58607365188000e-01
1.460000e+02 1.11876871065523e-01 6.63197184710207e-01
1.470000e+02 1.11350260423951e-01 6.67721948089058e-01
1.480000e+02 1.10814466710627e-01 6.72182374928478e-01
1.490000e+02 1.10271214494417e-01 6.76580388703867e-01
1.500000e+02 1.09719510973427e-01 6.80915217966331e-01
1.510000e+02 1.09159790620149e-01 6.85187539655834e-01
1.520000e+02 1.08592474497631e-01 6.89398037139094e-01
1.530000e+02 1.08017970805555e-01 6.93547399529539e-01
1.540000e+02 1.07436674448864e-01 6.97636320080427e-01
1.550000e+02 1.06849376136177e-01 7.01665904156862e-01
1.560000e+02 1.06256767303143e-01 7.05637173080308e-01
1.570000e+02 1.05658422109630e-01 7.09550045093011e-01
1.580000e+02 1.05054693283014e-01 7.13405230213103e-01
1.590000e+02 1.04445921541791e-01 7.17203438713119e-01
1.600000e+02 1.03832436273322e-01 7.20945380894321e-01
1.610000e+02 1.03214556753775e-01 7.24631767443452e-01
1.620000e+02 1.02593258007100e-01 7.28263974467360e-01
1.630000e+02 1.01968503174193e-01 7.31842375075291e-01
1.640000e+02 1.01340216104050e-01 7.35367311219295e-01
1.650000e+02 1.00708678533785e-01 7.38839490158333e-01
1.660000e+02 1.00074163594069e-01 7.42259617281343e-01
1.670000e+02 9.94369341752519e-02 7.45628393823296e-01
1.680000e+02 9.87976109563743e-02 7.48946884275231e-01
1.690000e+02 9.81566715942174e-02 7.52216014984231e-01
1.700000e+02 9.75137326765451e-02 7.55435855546355e-01
1.710000e+02 9.68690249946650e-02 7.58607093546530e-01
1.720000e+02 9.62227710047408e-02 7.61730411513761e-01
1.730000e+02 9.55751852270203e-02 7.64806486839758e-01
1.740000e+02 9.49271910975012e-02 7.67836708174502e-01
1.750000e+02 9.42785195015208e-02 7.70821273527239e-01
1.760000e+02 9.36290999202875e-02 7.73760581002966e-01
1.770000e+02 9.29791188370888e-02 7.76655286820227e-01
1.780000e+02 9.23287547782163e-02 7.79506039984353e-01
1.790000e+02 9.16789198327945e-02 7.82314223459494e-01
1.800000e+02 9.10292959012083e-02 7.85079990088272e-01
1.810000e+02 9.03797764404641e-02 7.87803704026616e-01
1.820000e+02 8.97305146871400e-02 7.90485988673639e-01
1.830000e+02 8.90819727795202e-02 7.93127775517409e-01
1.840000e+02 8.84347029524663e-02 7.95730085069451e-01
1.850000e+02 8.77881084866935e-02 7.98292787568939e-01
1.860000e+02 8.71423194472687e-02 8.00816478490742e-01
1.870000e+02 8.64978170010330e-02 8.03302102646361e-01
1.880000e+02 8.58550916220896e-02 8.05750612186301e-01
1.890000e+02 8.52135255495674e-02 8.08161848871516e-01
1.900000e+02 8.45732274882964e-02 8.10536378575669e-01
1.910000e+02 8.39351252335449e-02 8.12875583783799e-01
1.920000e+02 8.32987990368003e-02 8.15179496762181e-01
1.930000e+02 8.26640365025743e-02 8.17448354330513e-01
1.940000e+02 8.20314352857332e-02 8.19683200420448e-01
1.950000e+02 8.14012379894008e-02 8.21884720848366e-01
1.960000e+02 8.07728600920137e-02 8.24052771126482e-01
1.970000e+02 8.01468463572323e-02 8.26188332765554e-01
1.980000e+02 7.95235482992293e-02 8.28292190641287e-01
1.990000e+02 7.89022881489117e-02 8.30364096869609e-01
2.000000e+02 7.82838127854528e-02 8.32405224654783e-01
2.010000e+02 7.76680743622767e-02 8.34415948839172e-01
2.020000e+02 7.70545576738368e-02 8.36396173200599e-01
2.030000e+02 7.64444480337752e-02 8.38347498267589e-01
2.040000e+02 7.58368277138925e-02 8.40269417701577e-01
2.050000e+02 7.52320497774318e-02 8.42162692079290e-01
2.060000e+02 7.46305513426672e-02 8.44028162110983e-01
2.070000e+02 7.40315132668144e-02 8.45865408284277e-01
2.080000e+02 7.34362756428764e-02 8.47676166325926e-01
2.090000e+02 7.28436333156213e-02 8.49459622687461e-01
2.100000e+02 7.22544868503567e-02 8.51217065488123e-01
2.110000e+02 7.16684021406858e-02 8.52948444101026e-01
2.120000e+02 7.10856144544781e-02 8.54654373181565e-01
2.130000e+02 7.05062261267716e-02 8.56335330346561e-01
2.140000e+02 6.99300348746241e-02 8.57991484478954e-01
2.150000e+02 6.93574599322793e-02 8.59623621856217e-01
2.160000e+02 6.87880749779743e-02 8.61231679073611e-01
2.170000e+02 6.82224101485827e-02 8.62816545058313e-01
2.180000e+02 6.76600154435140e-02 8.64378124475657e-01
2.190000e+02 6.71013381715827e-02 8.65917215181023e-01
2.200000e+02 6.65460937873988e-02 8.67433879063795e-01
2.210000e+02 6.59944635723851e-02 8.68928639738310e-01
2.220000e+02 6.54465072887581e-02 8.70401895210020e-01
2.230000e+02 6.49019666893608e-02 8.71853721399597e-01
2.240000e+02 6.43614157527680e-02 8.73285022394286e-01
2.250000e+02 6.38240040691052e-02 8.74695273851801e-01
2.260000e+02 6.32909438914744e-02 8.76086010071571e-01
2.270000e+02 6.27611017898946e-02 8.77456415670098e-01
2.280000e+02 6.22351838372377e-02 8.78807510789813e-01
2.290000e+02 6.17129817389607e-02 8.80139397253135e-01
2.300000e+02 6.11941971644574e-02 8.81452082919444e-01
2.310000e+02 6.06796900494228e-02 8.82746730014280e-01
2.320000e+02 6.01685312999993e-02 8.84022707861437e-01
2.330000e+02 5.96612455725783e-02 8.85280835691752e-01
2.340000e+02 5.91578551002117e-02 8.86521426499458e-01
2.350000e+02 5.86578782596411e-02 8.87744285640027e-01
2.360000e+02 5.81620394107973e-02 8.88950420701292e-01
2.370000e+02 5.76698712328991e-02 8.90139643871908e-01
2.380000e+02 5.71811625469747e-02 8.91312019796899e-01
2.390000e+02 5.66966846135600e-02 8.92468591908990e-01
2.400000e+02 5.62157961527262e-02 8.93608987482829e-01
2.410000e+02 5.57383959019762e-02 8.94733370227554e-01
2.420000e+02 5.52651627438562e-02 8.95842680449526e-01
2.430000e+02 5.47955691516728e-02 8.96936648533557e-01
2.440000e+02 5.43294775748741e-02 8.98015391364135e-01
2.450000e+02 5.38673464088480e-02 8.99079618331374e-01
2.460000e+02 5.34090259776925e-02 9.00129427350135e-01
2.470000e+02 5.29542082310202e-02 9.01164754593609e-01
2.480000e+02 5.25030127511423e-02 9.02185960537056e-01
2.490000e+02 5.20559117479165e-02 9.03193754989726e-01
2.500000e+02 5.16123026246820e-02 9.04187769697784e-01
2.510000e+02 5.11721880160033e-02 9.05168238419166e-01
2.520000e+02 5.07358925152884e-02 9.06135713688331e-01
2.530000e+02 5.03034005735544e-02 9.07090404752187e-01
2.540000e+02 4.98743787484103e-02 9.08032199856217e-01
2.550000e+02 4.94488247100881e-02 9.08961315287610e-01
2.560000e+02 4.90270768303710e-02 9.09878305001232e-01
2.570000e+02 4.86090256607547e-02 9.10783272134733e-01
2.580000e+02 4.81944067668400e-02 9.11676161879794e-01
2.590000e+02 4.77832137436796e-02 9.12557174534185e-01
2.600000e+02 4.73756290105195e-02 9.13426696333085e-01
2.610000e+02 4.69717984579470e-02 9.14285074132635e-01
2.620000e+02 4.65713491392706e-02 9.15132133137551e-01
2.630000e+02 4.61742713695128e-02 9.15968059036153e-01
2.640000e+02 4.57805545224323e-02 9.16793033833213e-01
2.650000e+02 4.53905678208688e-02 9.17607616675910e-01
2.660000e+02 4.50040155319804e-02 9.18411699084434e-01
2.670000e+02 4.46207704420813e-02 9.19205338461954e-01
2.680000e+02 4.42408193308522e-02 9.19988703603698e-01
2.690000e+02 4.38641483811052e-02 9.20761960141322e-01
2.700000e+02 4.34910944031999e-02 9.21525621801660e-01
2.710000e+02 4.31213705405429e-02 9.22279576146272e-01
2.720000e+02 4.27548663314945e-02 9.23023884667102e-01
2.730000e+02 4.23915660106624e-02 9.23758701121243e-01
2.740000e+02 4.20314532233284e-02 9.24484176278514e-01
2.750000e+02 4.16746436786188e-02 9.25200590607481e-01
2.760000e+02 4.13212471661526e-02 9.25908216324641e-01
2.770000e+02 4.09709729064218e-02 9.26606922776963e-01
2.780000e+02 4.06238031784901e-02 9.27296850101671e-01
2.790000e+02 4.02797198911221e-02 9.27978135828686e-01
2.800000e+02 3.99387045596331e-02 9.28650914888863e-01
2.810000e+02 3.96008464955919e-02 9.29315427834565e-01
2.820000e+02 3.92662582294699e-02 9.29971936292879e-01
2.830000e+02 3.89346688128847e-02 9.30620316298101e-01
2.840000e+02 3.86060588746501e-02 9.31260693377672e-01
2.850000e+02 3.82804088006678e-02 9.31893190761629e-01
2.860000e+02 3.79576987098248e-02 9.32517929387719e-01
2.870000e+02 3.76379085146303e-02 9.33135027990908e-01
2.880000e+02 3.73212032586299e-02 9.33744788469329e-01
2.890000e+02 3.70074939101929e-02 9.34347256706258e-01
2.900000e+02 3.66966330446851e-02 9.34942418280137e-01
2.910000e+02 3.63886001739899e-02 9.35530383821608e-01
2.920000e+02 3.60833746291493e-02 9.36111261923317e-01
2.930000e+02 3.57809356194329e-02 9.36685159225814e-01
2.940000e+02 3.54812622326362e-02 9.37252180444953e-01
2.950000e+02 3.51843508382444e-02 9.37812445798799e-01
2.960000e+02 3.48904117467791e-02 9.38366287696350e-01
2.970000e+02 3.45991664207541e-02 9.38913547971642e-01
2.980000e+02 3.43105939065659e-02 9.39454324341364e-01
2.990000e+02 3.40246731272510e-02 9.39988712722435e-01
3.000000e+02 3.37413829972599e-02 9.40516807371267e-01
3.010000e+02 3.34607023679986e-02 9.41038700853471e-01
3.020000e+02 3.31826101034942e-02 9.41554484143365e-01
3.030000e+02 3.29070849587680e-02 9.42064246525862e-01
3.040000e+02 3.26342231599048e-02 9.42568193199736e-01
3.050000e+02 3.23639923633416e-02 9.43066399259795e-01
3.060000e+02 3.20962581666473e-02 9.43558836230219e-01
3.070000e+02 3.18309995955021e-02 9.44045587573804e-01
3.080000e+02 3.15681957160819e-02 9.44526735326280e-01
3.090000e+02 3.13078256490644e-02 9.45002360131963e-01
3.100000e+02 3.10498684798763e-02 9.45472541175332e-01
3.110000e+02 3.07943033824910e-02 9.45937356325863e-01
3.120000e+02 3.05411095170217e-02 9.46396882056356e-01
3.130000e+02 3.02902662444679e-02 9.46851193678123e-01
3.140000e+02 3.00418835390000e-02 9.47300495773423e-01
3.150000e+02 2.97958654388100e-02 9.47744785666172e-01
3.160000e+02 2.95521303931154e-02 9.48184073788522e-01
3.170000e+02 2.93106581118041e-02 9.48618430549800e-01
3.180000e+02 2.90714283602345e-02 9.49047925150320e-01
3.190000e+02 2.88344210066282e-02 9.49472625647510e-01
3.200000e+02 2.85996159581414e-02 9.49892598910454e-01
3.210000e+02 2.83669932749100e-02 9.50307910752123e-01
3.220000e+02 2.81365330595817e-02 9.50718625836842e-01
3.230000e+02 2.79082155356132e-02 9.51124807776244e-01
3.240000e+02 2.76820210162568e-02 9.51526519115666e-01
3.250000e+02 2.74579657641338e-02 9.51923857210865e-01
3.260000e+02 2.72361129027582e-02 9.52316965156436e-01
3.270000e+02 2.70163201382054e-02 9.52705779524122e-01
3.280000e+02 2.67985682901761e-02 9.53090358910271e-01
3.290000e+02 2.65828384009041e-02 9.53470761060896e-01
3.300000e+02 2.63691115297621e-02 9.53847042682187e-01
3.310000e+02 2.61573689293918e-02 9.54219259632312e-01
3.320000e+02 2.59475919277036e-02 9.54587466818853e-01
3.330000e+02 2.57397619392538e-02 9.54951718225387e-01
3.340000e+02 2.55338605656644e-02 9.55312067026879e-01
3.350000e+02 2.53298695267560e-02 9.55668565535565e-01
3.360000e+02 2.51277706171175e-02 9.56021265172049e-01
3.370000e+02 2.49275458176040e-02 9.56370216591107e-01
3.380000e+02 2.47291771797619e-02 9.56715469580204e-01
3.390000e+02 2.45327272657841e-02 9.57057153513325e-01
3.400000e+02 2.43381388984838e-02 9.57395277114614e-01
3.410000e+02 2.41453503779512e-02 9.57729843688491e-01
3.420000e+02 2.39543443484325e-02 9.58060899999787e-01
3.430000e+02 2.37651036349889e-02 9.58388492123451e-01
3.440000e+02 2.35776111910797e-02 9.58712665404989e-01
3.450000e+02 2.33918501234788e-02 9.59033464498039e-01
3.460000e+02 2.32078036462432e-02 9.59350933330801e-01
3.470000e+02 2.30254551557375e-02 9.59665115193334e-01
3.480000e+02 2.28447880439141e-02 9.59976052562929e-01
3.490000e+02 2.26657860610798e-02 9.60283787478768e-01
3.500000e+02 2.24884328684986e-02 9.60588371193923e-01
3.510000e+02 2.23127124167075e-02 9.60889814126844e-01
3.520000e+02 2.21386087297438e-02 9.61188186533684e-01
3.530000e+02 2.19661059833433e-02 9.61483517720946e-01
3.540000e+02 2.17951884675619e-02 9.61775846457494e-01
3.550000e+02 2.16258621564360e-02 9.62065232467380e-01
3.560000e+02 2.14581626302009e-02 9.62351764362752e-01
3.570000e+02 2.12919995191226e-02 9.62635404098190e-01
3.580000e+02 2.11273577418055e-02 9.62916188219382e-01
3.590000e+02 2.09642223345380e-02 9.63194152702653e-01
3.600000e+02 2.08025784634896e-02 9.63469332977208e-01
3.610000e+02 2.06424114622311e-02 9.63741763972532e-01
3.620000e+02 2.04837067059239e-02 9.64011480002315e-01
3.630000e+02 2.03264498178783e-02 9.64278514980590e-01
3.640000e+02 2.01706264568490e-02 9.64542902218465e-01
3.650000e+02 2.00162224800779e-02 9.64804674596451e-01
3.660000e+02 1.98632238316744e-02 9.65063864461998e-01
3.670000e+02 1.97116165409750e-02 9.65320503636847e-01
3.680000e+02 1.95613869667795e-02 9.65574623670148e-01
3.690000e+02 1.94125213639003e-02 9.65826255413727e-01
3.700000e+02 1.92650062073962e-02 9.66075429354925e-01
3.710000e+02 1.91188280779116e-02 9.66322175510396e-01
3.720000e+02 1.89739737882239e-02 9.66566523560991e-01
3.730000e+02 1.88304301348251e-02 9.66808502611543e-01
3.740000e+02 1.86881841445712e-02 9.67048141445596e-01
3.750000e+02 1.85472228961833e-02 9.67285468354862e-01
3.760000e+02 1.84075954323753e-02 9.67520573059181e-01
3.770000e+02 1.82692333737629e-02 9.67753427332764e-01
3.780000e+02 1.81321164142531e-02 9.67984050488113e-01
3.790000e+02 1.79962321699633e-02 9.68212469261824e-01
3.800000e+02 1.78615684697523e-02 9.68438710089615e-01
3.810000e+02 1.77281131527579e-02 9.68662798927989e-01
3.820000e+02 1.75958542172064e-02 9.68884761391555e-01
3.830000e+02 1.74647798098319e-02 9.69104622762548e-01
3.840000e+02 1.73348781184351e-02 9.69322407886886e-01
3.850000e+02 1.72061375343954e-02 9.69538141343497e-01
3.860000e+02 1.70785464878803e-02 9.69751847286234e-01
3.870000e+02 1.69520935859711e-02 9.69963549588612e-01
3.880000e+02 1.68267675488099e-02 9.70173271786462e-01
3.890000e+02 1.67025571521228e-02 9.70381037026854e-01
3.900000e+02 1.65794513038088e-02 9.70586868151003e-01
3.910000e+02 1.64574390938342e-02 9.70790787750369e-01
3.920000e+02 1.63365095871169e-02 9.70992817965662e-01
3.930000e+02 1.62166520990183e-02 9.71192980768357e-01
3.940000e+02 1.60978559811747e-02 9.71391297752455e-01
3.950000e+02 1.59801106409460e-02 9.71587790159775e-01
3.960000e+02 1.58634057465708e-02 9.71782479090862e-01
3.970000e+02 1.57477309549464e-02 9.71975385238430e-01
3.980000e+02 1.56330759948010e-02 9.72166528976115e-01
3.990000e+02 1.55194308201410e-02 9.72355930517411e-01
4.000000e+02 1.54067854266017e-02 9.72543609737438e-01
4.010000e+02 1.52951298198001e-02 9.72729586146616e-01
4.020000e+02 1.51845008215343e-02 9.72913925702115e-01
4.030000e+02 1.50748425994288e-02 9.73096601342669e-01
4.040000e+02 1.49661440226045e-02 9.73277630349330e-01
4.050000e+02 1.48583956194508e-02 9.73457031308255e-01
4.060000e+02 1.47515880167210e-02 9.73634822554740e-01
4.070000e+02 1.46457118547605e-02 9.73811022093305e-01
4.080000e+02 1.45407580819133e-02 9.73985647896892e-01
4.090000e+02 1.44367174866860e-02 9.74158717443741e-01
4.100000e+02 1.43335811658674e-02 9.74330248190160e-01
4.110000e+02 1.42313401170756e-02 9.74500257167639e-01
4.120000e+02 1.41299855916804e-02 9.74668761340284e-01
4.130000e+02 1.40295088071830e-02 9.74835777321634e-01
4.140000e+02 1.39299012199783e-02 9.75001321651787e-01
4.150000e+02 1.38311541689946e-02 9.75165410445356e-01
4.160000e+02 1.37332593675989e-02 9.75328059887605e-01
4.170000e+02 1.36362082571010e-02 9.75489285592139e-01
4.180000e+02 1.35399927395002e-02 9.75649103337758e-01
4.190000e+02 1.34446044271927e-02 9.75807528322219e-01
4.200000e+02 1.33500353291540e-02 9.75964575852413e-01
4.210000e+02 1.32562774318160e-02 9.76120260929173e-01
4.220000e+02 1.31633228133050e-02 9.76274598365385e-01
4.230000e+02 1.30711634786544e-02 9.76427602625017e-01
4.240000e+02 1.29797918359100e-02 9.76579288302986e-01
4.250000e+02 1.28892000607785e-02 9.76729669493503e-01
4.260000e+02 1.27993805704466e-02 9.76878760267549e-01
4.270000e+02 1.27103258944652e-02 9.77026574547344e-01
4.280000e+02 1.26220285164718e-02 9.77173125951618e-01
4.290000e+02 1.25344810655468e-02 9.77318427990448e-01
4.300000e+02 1.24476762018419e-02 9.77462493954328e-01
4.310000e+02 1.23616068496204e-02 9.77605337150591e-01
4.320000e+02 1.22762656181755e-02 9.77746970327664e-01
4.330000e+02 1.21916456629807e-02 9.77887406539504e-01
4.340000e+02 1.21077399544649e-02 9.78026658417611e-01
4.350000e+02 1.20245414212145e-02 9.78164738317421e-01
4.360000e+02 1.19420665711627e-02 9.78301681942632e-01
4.370000e+02 1.18602923528701e-02 9.78437485209589e-01
4.380000e+02 1.17792044665870e-02 9.78572152561392e-01
4.390000e+02 1.16987961946663e-02 9.78705695801317e-01
4.400000e+02 1.16190610292412e-02 9.78838126723456e-01
4.410000e+02 1.15399924619446e-02 9.78969456905351e-01
4.420000e+02 1.14615841014658e-02 9.79099697828432e-01
4.430000e+02 1.13838296003328e-02 9.79228860807632e-01
4.440000e+02 1.13067226163206e-02 9.79356956955583e-01
4.450000e+02 1.12302569234843e-02 9.79483997296405e-01
4.460000e+02 1.11544265356524e-02 9.79609992891910e-01
4.470000e+02 1.10792250301566e-02 9.79734954168007e-01
4.480000e+02 1.10046466724186e-02 9.79858892041912e-01
4.490000e+02 1.09306853701895e-02 9.79981816878993e-01
4.500000e+02 1.08573352644370e-02 9.80103739086210e-01
4.510000e+02 1.07845905130539e-02 9.80224668898341e-01
4.520000e+02 1.07124453259506e-02 9.80344616415565e-01
4.530000e+02 1.06408939363803e-02 9.80463591577229e-01
4.540000e+02 1.05699308031108e-02 9.80581604366431e-01
4.550000e+02 1.04995501941706e-02 9.80698664396152e-01
4.560000e+02 1.04297467342071e-02 9.80814781458947e-01
4.570000e+02 1.03605147178688e-02 9.80929964842643e-01
4.580000e+02 1.02918488990740e-02 9.81044224121886e-01
4.590000e+02 1.02237438499548e-02 9.81157568519319e-01
4.600000e+02 1.01561942453336e-02 9.81270007192281e-01
4.610000e+02 1.00891948933040e-02 9.81381549265558e-01
4.620000e+02 1.00227404532716e-02 9.81492203551581e-01
4.630000e+02 9.95682587701905e-03 9.81601978993601e-01
4.640000e+02 9.89144610270206e-03 9.81710884361778e-01
4.650000e+02 9.82659593785130e-03 9.81818928138235e-01
4.660000e+02 9.76227053852226e-03 9.81926118998244e-01
4.670000e+02 9.69846496589935e-03 9.82032465368821e-01
4.680000e+02 9.63517424592909e-03 9.82137975490335e-01
4.690000e+02 9.57239360430339e-03 9.82242657653436e-01
4.700000e+02 9.51011820381364e-03 9.82346519938318e-01
4.710000e+02 9.44834337148158e-03 9.82449570443746e-01
4.720000e+02 9.38706434738302e-03 9.82551817037733e-01
4.730000e+02 9.32627661932105e-03 9.82653267694055e-01
4.740000e+02 9.26597539941944e-03 9.82753929970653e-01
4.750000e+02 9.20615638595102e-03 9.82853811773240e-01
4.760000e+02 9.14681497925472e-03 9.82952920572984e-01
4.770000e+02 9.08794655669071e-03 9.83051263683191e-01
4.780000e+02 9.02954696464119e-03 9.83148848753017e-01
4.790000e+02 8.97161181703318e-03 9.83245683067680e-01
4.800000e+02 8.91413663358573e-03 9.83341773688364e-01
4.810000e+02 8.85711732016209e-03 9.83437127934211e-01
4.820000e+02 8.80054956576599e-03 9.83531752780939e-01
4.830000e+02 8.74443987488504e-03 9.83625665894766e-01
4.840000e+02 8.68878045598890e-03 9.83718870522492e-01
4.850000e+02 8.63355978355803e-03 9.83811366055072e-01
4.860000e+02 8.57877390577632e-03 9.83903159336832e-01
4.870000e+02 8.52441881332663e-03 9.83994257035776e-01
4.880000e+02 8.47049055824944e-03 9.84084665763929e-01
4.890000e+02 8.41698531140418e-03 9.84174392136261e-01
4.900000e+02 8.36389892905801e-03 9.84263442338721e-01
4.910000e+02 8.31122789253493e-03 9.84351823069313e-01
4.920000e+02 8.25896801756624e-03 9.84439540248850e-01
4.930000e+02 8.20711596009992e-03 9.84526600528144e-01
4.940000e+02 8.15566769257418e-03 9.84613009765656e-01
4.950000e+02 8.10461953535335e-03 9.84698774060267e-01
4.960000e+02 8.05396808477177e-03 9.84783899680661e-01
4.970000e+02 8.00370958841618e-03 9.84868392441863e-01
4.980000e+02 7.95384041863178e-03 9.84952258180240e-01
4.990000e+02 7.90435708327679e-03 9.85035502765228e-01
5.000000e+02 7.85525610868540e-03 9.85118131983758e-01
5.010000e+02 7.80653392113255e-03 9.85200151422904e-01
5.020000e+02 7.75818726173716e-03 9.85281566886013e-01
5.030000e+02 7.71021259859313e-03 9.85362383806045e-01
5.040000e+02 7.66260667161204e-03 9.85442607791600e-01
5.050000e+02 7.61536596805820e-03 9.85522244103636e-01
5.060000e+02 7.56848734816195e-03 9.85601298282233e-01
5.070000e+02 7.52196746840903e-03 9.85679775571028e-01
5.080000e+02 7.47580327420355e-03 9.85757681411004e-01
5.090000e+02 7.42999136678145e-03 9.85835020808515e-01
5.100000e+02 7.38452882043344e-03 9.85911799153610e-01
5.110000e+02 7.33941219247286e-03 9.85988021231077e-01
5.120000e+02 7.29463861540396e-03 9.86063692313681e-01
5.130000e+02 7.25020481460332e-03 9.86138817180898e-01
5.140000e+02 7.20610814211345e-03 9.86213401153750e-01
5.150000e+02 7.16234510079821e-03 9.86287448619982e-01
5.160000e+02 7.11891295477744e-03 9.86360964645510e-01
5.170000e+02 7.07580881767616e-03 9.86433954063665e-01
5.180000e+02 7.03302980451306e-03 9.86506421628070e-01
5.190000e+02 6.99057276358108e-03 9.86578371745489e-01
5.200000e+02 6.94843513609656e-03 9.86649809336433e-01
5.210000e+02 6.90661400469248e-03 9.86720738884604e-01
5.220000e+02 6.86510631695199e-03 9.86791164661353e-01
5.230000e+02 6.82390966726984e-03 9.86861091508472e-01
5.240000e+02 6.78302122194370e-03 9.86930523764185e-01
5.250000e+02 6.74243810975801e-03 9.86999465654630e-01
5.260000e+02 6.70215776120585e-03 9.87067921633972e-01
5.270000e+02 6.66217742095711e-03 9.87135895897732e-01
5.280000e+02 6.62249455434155e-03 9.87203392790141e-01
5.290000e+02 6.58310637090119e-03 9.87270416328537e-01
5.300000e+02 6.54401050457134e-03 9.87336970884387e-01
5.310000e+02 6.50520423751812e-03 9.87403060407950e-01
5.320000e+02 6.46668517899575e-03 9.87468689107953e-01
5.330000e+02 6.42845087935234e-03 9.87533861066402e-01
5.340000e+02 6.39049858892685e-03 9.87598579998273e-01
5.350000e+02 6.35282598552633e-03 9.87662849979775e-01
5.360000e+02 6.31543057418783e-03 9.87726674848888e-01
5.370000e+02 6.27831018223283e-03 9.87790058701179e-01
5.380000e+02 6.24146203101267e-03 9.87853004962306e-01
5.390000e+02 6.20488395339425e-03 9.87915517606244e-01
5.400000e+02 6.16857368819302e-03 9.87977600450457e-01
5.410000e+02 6.13252897517607e-03 9.88039257251624e-01
5.420000e+02 6.09674725461040e-03 9.88100491405904e-01
5.430000e+02 6.06122646875478e-03 9.88161306751135e-01
5.440000e+02 6.02596440117139e-03 9.88221706906846e-01
5.450000e+02 5.99095849109629e-03 9.88281695089308e-01
5.460000e+02 5.95620682817107e-03 9.88341275106955e-01
5.470000e+02 5.92170722555820e-03 9.88400450434166e-01
5.480000e+02 5.88745753850904e-03 9.88459224530494e-01
5.490000e+02 5.85345532475243e-03 9.88517600501710e-01
5.500000e+02 5.81969876145739e-03 9.88575582017412e-01
