1.000000e+02 2.907698e-08 8.013154e-08 1.817311e-01 5.008221e-01
1.050000e+02 3.306233e-08 9.663661e-08 1.874282e-01 5.478266e-01
1.100000e+02 3.677680e-08 1.143976e-07 1.899628e-01 5.908966e-01
1.150000e+02 4.092764e-08 1.340955e-07 1.934199e-01 6.337216e-01
1.200000e+02 4.432758e-08 1.545059e-07 1.923940e-01 6.705985e-01
1.250000e+02 4.812979e-08 1.767371e-07 1.925192e-01 7.069482e-01
1.300000e+02 5.166026e-08 2.000652e-07 1.910512e-01 7.398862e-01
1.350000e+02 5.488974e-08 2.244088e-07 1.882364e-01 7.695777e-01
1.400000e+02 5.786502e-08 2.497616e-07 1.845186e-01 7.964336e-01
1.450000e+02 6.042755e-08 2.759126e-07 1.796301e-01 8.201919e-01
1.500000e+02 6.274159e-08 3.029754e-07 1.742822e-01 8.415983e-01
1.550000e+02 6.474422e-08 3.308391e-07 1.684293e-01 8.606637e-01
1.600000e+02 6.676290e-08 3.597861e-07 1.629954e-01 8.783841e-01
1.650000e+02 6.811781e-08 3.890949e-07 1.563770e-01 8.932390e-01
1.700000e+02 6.929818e-08 4.192166e-07 1.498663e-01 9.066102e-01
1.750000e+02 7.010800e-08 4.499203e-07 1.430775e-01 9.182048e-01
1.800000e+02 7.068715e-08 4.813150e-07 1.363564e-01 9.284625e-01
1.850000e+02 7.108159e-08 5.134185e-07 1.298057e-01 9.375795e-01
1.900000e+02 7.121632e-08 5.461313e-07 1.232970e-01 9.455182e-01
1.950000e+02 7.093206e-08 5.792723e-07 1.165879e-01 9.521241e-01
2.000000e+02 7.052158e-08 6.131153e-07 1.101900e-01 9.579926e-01
2.050000e+02 6.993480e-08 6.475936e-07 1.040077e-01 9.631077e-01
2.100000e+02 6.921661e-08 6.827380e-07 9.809610e-02 9.675992e-01
2.150000e+02 6.838691e-08 7.185561e-07 9.246472e-02 9.715469e-01
2.200000e+02 6.731631e-08 7.549083e-07 8.692705e-02 9.748299e-01
2.250000e+02 6.616659e-08 7.919476e-07 8.168714e-02 9.777131e-01
2.300000e+02 6.508573e-08 8.298149e-07 7.689713e-02 9.804051e-01
2.350000e+02 6.370371e-08 8.681341e-07 7.209564e-02 9.824967e-01
2.400000e+02 6.239487e-08 9.072749e-07 6.770276e-02 9.844563e-01
2.450000e+02 6.107289e-08 9.471472e-07 6.359110e-02 9.862008e-01
2.500000e+02 5.963283e-08 9.876431e-07 5.963283e-02 9.876431e-01
